103
1
3
8
601098
110082
338742
380095
322309
14153
41730
115842
17196
621520
429341
994140
585894
814495
80623
117438
113550
446067
113181
87814
274949
500269
832716
798327
137252
666717
409015
560798
198526
475966
857766
439860
516552
114914
351038
45613
344558
338190
362302
351105
588951
655118
683744
556549
725660
434861
475598
481427
910933
402735
13256
356199
411484
935444
417775
379961
101210
472420
978232
191247
183125
754855
961382
872736
121393
423665
799215
679104
293892
767171
56260
788207
118239
334095
773272
21681
293650
780449
767822
623491
761597
524370
873212
608022
554705
392478
379196
387065
615350
579565
9851
513766
643110
851554
88573
445054
265312
653132
448047
195994
