100 10000
866 511
222 17
235 271
877 806
942 597
493 531
298 928
363 240
899 710
329 960
539 694
276 725
288 388
207 411
789 196
182 61
166 515
548 230
922 766
400 32
639 427
331 116
568 556
180 505
895 184
972 611
45 22
17 463
353 391
668 46
168 850
330 406
385 905
360 903
343 847
14 337
832 302
238 966
349 642
204 605
395 317
584 299
608 833
192 929
655 471
441 958
428 671
741 587
471 253
122 457
677 964
133 657
141 786
977 765
395 792
466 732
889 89
504 123
743 445
696 594
654 189
847 657
615 377
372 539
860 985
361 14
750 995
406 564
292 820
323 792
784 805
315 849
993 108
156 997
227 800
867 163
789 878
633 683
953 91
305 73
945 478
544 242
668 562
992 685
651 800
641 670
554 893
574 125
612 854
303 844
912 60
789 242
54 18
383 422
906 939
141 785
565 853
408 150
369 736
832 638
535 387
71 841
46 889
773 381
581 524
117 346
770 215
531 581
619 9
886 44
916 62
106 901
13 721
60 873
11 209
795 734
70 240
467 109
319 41
393 679
236 798
17 440
93 312
82 944
638 99
648 44
176 914
229 315
839 682
665 272
10 93
203 749
789 38
134 720
53 85
600 399
664 390
915 65
252 857
66 482
752 581
78 790
287 775
315 405
451 343
461 878
936 418
62 482
892 278
85 44
245 405
509 186
62 404
306 523
403 574
795 191
711 366
38 660
809 495
125 221
373 369
343 93
496 424
264 124
504 544
129 769
328 175
905 68
428 335
826 802
686 506
66 972
580 71
778 713
295 802
904 198
380 998
149 145
561 642
289 883
87 577
90 467
492 762
4 931
863 11
973 431
394 174
898 643
313 163
702 982
288 65
702 498
978 31
315 862
125 725
830 365
729 813
398 80
627 931
71 971
525 32
921 586
635 888
642 420
145 335
739 205
500 59
994 350
400 137
157 583
269 766
619 629
64 458
622 718
108 18
720 561
194 322
324 864
75 279
443 467
248 100
507 641
102 859
453 395
200 978
598 681
377 81
443 535
422 423
365 136
624 692
300 257
819 769
153 573
855 705
583 36
765 919
776 672
136 139
116 495
866 580
227 869
735 249
413 433
644 50
369 936
982 905
354 153
817 515
987 970
853 193
382 135
978 251
701 662
724 890
455 236
225 571
534 898
114 685
573 333
700 338
159 471
655 110
75 493
777 181
35 442
179 836
59 564
323 752
340 628
720 626
739 899
457 436
53 477
327 656
186 592
472 619
918 816
583 605
70 963
904 206
133 574
459 433
765 988
74 223
368 225
85 73
47 149
556 550
376 69
598 611
991 429
758 153
685 949
956 997
465 910
938 850
850 95
722 345
465 464
636 939
442 258
268 186
664 271
891 109
803 750
991 67
499 881
769 35
27 884
482 22
851 363
953 644
445 855
428 421
815 891
671 567
615 990
390 582
704 546
198 656
295 855
188 187
110 466
924 380
616 682
874 581
866 350
319 933
720 282
118 564
947 388
385 783
377 883
717 978
125 356
789 210
623 17
180 667
914 840
482 522
458 100
137 147
775 821
697 654
115 762
206 264
86 46
782 63
735 187
337 423
85 584
792 269
597 269
793 607
661 550
543 386
327 935
36 297
783 309
211 250
337 670
617 31
534 580
768 625
519 490
882 449
657 340
484 524
676 709
666 83
634 349
703 286
35 371
967 379
108 210
655 130
252 28
985 522
305 169
670 28
177 447
494 576
975 729
144 697
424 152
304 283
403 630
566 830
674 474
541 693
303 518
201 2
284 293
667 366
945 265
465 14
475 248
235 577
718 497
27 355
415 564
201 170
168 552
657 893
779 872
754 838
529 711
875 781
240 577
903 156
455 239
836 746
371 174
742 893
19 94
826 985
731 351
592 910
460 84
44 506
83 625
55 399
693 44
477 575
42 429
993 853
522 717
31 924
142 536
599 425
170 195
226 51
427 752
71 575
104 96
309 264
652 327
456 567
295 779
57 865
370 847
926 60
492 854
910 731
876 808
485 893
241 49
512 351
406 158
529 699
566 113
396 577
496 200
401 287
225 453
689 634
961 308
650 325
621 466
767 584
592 449
319 421
771 287
958 833
782 443
660 768
858 405
424 220
816 618
190 857
969 757
417 464
326 970
250 59
619 706
680 109
357 795
122 707
814 300
697 724
532 916
847 752
495 323
660 291
243 617
542 635
509 306
460 653
764 244
679 151
661 783
486 485
16 0
517 571
334 269
191 548
448 549
731 238
378 170
36 804
230 89
10 576
875 591
169 918
850 763
829 32
616 331
608 529
758 842
407 749
24 688
437 297
977 431
407 276
914 766
303 57
683 255
683 107
531 616
877 500
284 511
392 699
87 350
242 671
788 348
484 255
379 915
832 386
927 508
105 195
38 908
474 753
67 849
498 235
166 701
642 375
563 596
410 575
893 664
504 847
54 684
756 611
50 90
916 165
143 740
559 805
41 748
121 243
241 932
369 823
422 748
941 375
16 35
429 483
962 939
34 572
546 625
727 295
747 582
458 690
670 94
858 471
571 838
736 580
794 412
327 538
333 73
758 581
454 378
207 877
289 472
144 314
676 786
225 574
321 629
492 866
276 92
723 168
930 756
664 215
366 436
865 19
176 234
989 912
183 929
779 275
534 204
463 537
629 289
244 785
711 203
680 741
185 180
403 510
124 253
394 7
210 717
145 843
771 757
37 104
525 947
283 650
396 532
273 801
697 434
266 83
27 303
801 871
657 38
40 371
961 683
557 540
669 611
853 298
216 737
918 883
805 43
327 289
721 337
730 696
62 136
38 590
949 675
559 167
16 925
63 560
410 778
65 93
675 958
552 521
762 110
583 557
869 789
896 399
127 603
572 460
932 706
609 915
480 999
600 111
727 584
969 755
826 197
834 554
581 517
940 50
913 566
446 782
779 438
486 834
21 996
401 597
508 980
512 215
619 389
849 623
745 34
917 202
346 898
470 543
591 808
921 548
202 537
115 999
809 372
494 378
435 242
676 743
335 640
873 421
807 4
86 833
983 401
13 993
107 380
594 984
918 53
393 2
62 455
125 382
219 263
128 228
953 336
102 71
596 465
378 915
777 249
205 341
638 61
266 831
589 901
316 248
365 718
858 792
244 99
483 879
887 323
580 699
682 630
712 646
979 55
73 255
522 997
544 307
45 173
73 430
958 340
236 72
420 452
523 188
145 975
439 354
69 20
546 755
117 352
159 784
721 42
588 113
198 946
167 674
332 838
52 581
164 349
20 849
816 487
757 370
427 601
627 665
966 542
788 461
721 217
569 122
423 901
488 974
827 145
187 124
174 473
213 347
729 58
126 288
539 530
645 908
767 641
179 460
533 40
776 392
464 930
454 499
250 620
980 977
614 935
143 63
319 192
693 268
64 249
98 847
963 672
311 397
132 299
530 209
408 448
156 547
333 580
86 551
245 502
236 36
696 772
415 768
836 802
484 922
826 2
262 475
658 76
634 897
137 666
388 596
255 727
825 490
627 906
116 607
452 139
431 196
642 490
747 641
273 255
28 368
718 104
120 8
594 768
705 669
204 430
769 733
323 998
565 103
386 655
505 577
899 36
513 989
92 828
601 607
823 972
919 194
562 771
370 971
673 179
905 626
143 424
504 261
554 513
235 90
873 697
932 496
594 424
934 645
591 927
62 932
601 980
791 653
840 393
754 490
116 650
617 661
718 603
441 544
784 311
253 488
810 80
51 245
481 442
821 644
208 850
63 489
910 352
8 357
555 645
872 822
188 469
74 889
789 669
380 196
511 140
605 670
281 303
349 209
222 415
899 931
693 853
746 878
680 737
393 824
401 514
163 671
366 631
545 952
121 953
61 963
403 183
484 58
80 235
98 358
855 412
118 71
34 12
775 594
944 126
342 456
992 54
213 127
352 779
108 790
68 905
44 422
435 160
770 788
717 909
10 833
682 920
529 242
751 492
324 959
562 34
252 398
117 555
470 579
892 179
348 880
15 32
255 155
724 995
939 472
140 103
830 629
535 396
834 154
548 719
733 336
593 596
135 852
620 433
956 121
652 720
863 690
45 435
51 205
922 794
271 811
856 299
27 578
702 245
709 391
957 771
838 415
665 331
571 871
12 452
245 606
225 350
149 929
76 704
222 818
362 24
534 466
664 646
415 125
993 60
52 540
107 278
886 823
753 993
402 784
195 137
198 192
265 637
540 328
353 425
602 165
169 232
718 116
487 238
742 188
311 656
353 977
283 515
438 626
128 616
415 935
989 156
89 816
643 908
723 13
334 362
86 438
32 175
141 484
513 696
335 749
847 636
63 219
6 373
389 461
470 851
395 341
269 316
105 995
403 828
254 346
666 859
52 595
932 41
513 58
584 174
66 837
108 283
700 95
403 231
107 344
522 92
933 109
484 755
307 912
463 540
642 411
691 187
788 129
105 210
988 464
852 315
911 272
581 202
921 339
341 244
814 660
279 461
432 425
907 533
405 117
885 540
655 960
760 607
531 933
159 796
298 692
811 677
287 203
487 659
75 588
718 580
110 668
238 133
331 476
622 995
675 680
903 245
601 694
95 357
647 706
740 638
613 389
627 16
4 374
548 490
246 664
581 185
495 881
432 990
62 855
576 98
630 109
973 606
573 580
828 427
575 441
798 260
642 352
462 347
920 768
471 371
316 97
941 811
548 20
152 800
825 700
446 286
103 871
582 393
36 143
187 544
578 437
846 208
629 111
661 364
723 303
229 235
769 427
672 460
593 762
6 779
507 436
575 111
944 129
78 960
273 973
423 612
695 164
568 776
919 311
779 132
947 566
609 374
79 632
868 798
178 560
673 699
849 724
936 706
162 690
990 262
776 748
45 233
560 512
247 214
821 627
105 329
36 26
973 574
635 807
396 998
419 504
268 296
962 853
140 805
334 650
524 339
670 403
551 686
478 770
946 267
5 521
204 922
205 198
977 343
328 526
255 100
671 345
907 168
802 540
451 332
97 427
360 846
858 1
696 616
131 501
579 535
150 316
706 716
539 934
402 137
36 755
165 351
368 432
351 553
12 417
474 641
624 465
739 703
491 719
574 933
923 98
376 623
625 686
407 610
325 583
35 537
992 626
614 750
726 955
30 347
948 569
88 871
556 740
802 405
880 55
996 30
457 851
775 757
778 446
11 819
126 249
139 355
490 785
330 713
629 295
334 558
218 493
493 654
551 847
334 366
633 48
266 241
483 171
738 335
56 872
219 573
502 741
597 929
928 74
678 464
522 654
581 491
810 45
206 107
458 351
5 464
630 918
721 468
225 327
536 835
255 33
617 925
597 189
389 896
331 58
96 115
655 932
435 520
137 392
937 908
788 610
13 121
905 510
776 936
129 810
458 161
189 79
524 445
518 338
99 890
103 1
2 419
442 990
500 258
76 855
124 492
752 949
403 125
108 928
717 780
445 854
129 784
592 656
902 795
951 172
884 152
961 271
730 815
799 515
937 859
167 275
940 78
942 416
857 456
182 902
596 806
238 485
219 181
701 618
364 435
772 486
336 364
174 733
512 774
663 44
981 187
385 765
718 659
857 523
248 647
939 68
477 312
570 642
93 51
667 853
212 932
651 733
915 854
757 120
830 944
646 766
463 834
507 717
71 877
754 643
956 858
70 764
934 663
271 519
881 956
621 494
1 7
692 108
564 739
318 831
969 771
646 440
522 581
947 420
430 667
152 969
82 179
282 845
884 450
180 276
352 375
224 88
392 275
293 384
249 731
349 674
662 464
896 593
736 882
328 528
899 97
852 668
429 651
735 460
476 892
453 955
351 938
841 643
209 782
675 649
737 716
961 375
752 987
286 995
778 606
885 85
823 26
429 485
534 500
622 652
814 170
484 958
545 434
251 141
895 730
611 929
276 811
584 170
313 507
782 100
415 266
631 317
453 522
966 775
631 491
502 979
249 430
353 443
376 962
421 237
615 332
240 0
707 460
776 509
667 285
330 728
174 958
989 81
988 782
848 792
814 689
605 796
79 264
921 79
675 841
374 264
66 829
522 493
741 725
481 787
569 337
418 954
822 766
150 507
898 239
824 834
99 862
905 120
898 301
743 256
90 817
22 676
786 624
872 334
620 724
121 604
798 72
997 290
36 507
212 856
60 708
259 489
167 413
453 157
184 916
35 665
785 16
951 226
750 82
387 226
509 582
598 971
999 700
129 727
653 138
693 673
906 71
579 923
781 859
339 380
887 804
778 834
79 364
399 533
317 49
605 173
357 29
222 62
433 174
54 569
702 865
448 796
305 940
197 554
787 951
815 161
130 364
508 889
967 63
661 976
71 573
81 242
709 773
291 740
118 755
666 30
546 198
132 246
871 810
662 188
666 208
491 509
452 551
704 354
54 862
841 497
45 673
320 400
13 292
293 561
87 504
27 53
178 996
817 81
326 49
92 693
832 142
481 2
766 382
488 548
201 172
565 760
742 791
827 24
526 944
115 507
551 162
454 835
666 542
763 563
789 108
310 278
105 289
116 635
369 94
676 360
857 950
249 576
659 931
986 170
255 395
813 680
795 900
8 940
497 221
190 68
315 317
805 79
614 440
583 647
208 284
356 971
941 248
413 957
502 44
508 4
384 444
564 391
360 480
972 307
644 546
968 935
55 59
976 133
315 146
605 279
808 379
783 45
357 591
83 900
357 158
725 305
15 432
966 293
536 563
588 895
171 83
401 87
163 814
499 396
145 250
757 539
397 575
687 444
931 100
702 464
841 873
56 722
587 325
282 606
223 832
17 579
287 62
472 299
622 341
893 317
514 967
740 481
57 426
134 676
24 731
2 808
682 560
457 672
725 916
606 77
215 329
766 697
513 409
67 813
316 217
664 821
686 880
926 285
955 997
521 511
240 992
269 675
0 363
938 31
59 457
77 612
1 299
894 371
201 3
826 472
247 633
378 55
763 162
936 551
538 992
463 24
772 470
711 843
54 580
68 172
92 188
381 192
875 20
737 869
530 535
117 278
733 902
920 457
629 257
640 820
891 437
932 251
184 393
416 11
692 146
993 739
737 491
643 347
745 53
819 523
301 862
35 330
219 726
498 489
869 913
50 964
399 489
244 779
993 314
202 91
570 352
744 344
982 9
701 209
727 411
993 230
281 883
270 333
310 819
391 335
500 621
824 242
64 959
444 951
215 879
451 320
446 606
720 548
165 544
495 50
161 264
936 587
918 716
50 488
660 797
446 772
762 826
323 332
727 53
600 217
785 1
641 334
98 820
475 44
613 748
996 501
810 695
695 812
917 975
832 850
859 679
263 813
222 763
641 469
90 275
407 359
643 555
12 24
804 50
300 135
597 29
985 450
632 854
856 245
910 514
140 282
166 823
316 493
70 805
324 357
372 48
643 494
996 955
249 353
591 65
569 302
69 26
164 824
220 966
280 326
313 755
689 227
446 781
57 746
157 514
960 658
166 46
380 462
935 479
803 395
407 199
189 436
565 62
730 689
365 435
569 892
484 74
873 790
151 615
199 222
488 41
57 341
119 233
666 314
359 872
849 539
846 606
239 681
618 653
984 685
612 88
547 369
69 994
131 427
989 253
496 80
964 175
441 498
797 18
91 288
944 224
935 21
349 152
874 738
769 570
237 974
36 426
283 717
821 68
793 137
838 138
780 620
985 588
186 554
109 642
642 800
640 606
97 290
155 472
19 97
147 416
34 395
778 72
566 326
671 0
86 298
874 483
145 239
582 130
578 194
723 674
580 546
689 955
212 113
203 258
916 608
659 742
522 107
61 662
697 248
20 697
741 460
969 344
23 601
874 908
11 236
243 2
495 790
766 966
166 992
11 817
526 883
535 574
369 428
912 962
427 467
935 713
270 475
88 365
369 332
327 298
779 182
710 65
347 857
349 96
362 848
489 176
831 37
292 697
137 36
734 34
883 399
968 989
566 964
647 370
920 310
703 236
508 641
828 675
741 485
415 212
142 216
399 884
701 563
482 686
210 761
52 261
676 908
596 710
762 114
633 633
413 260
714 941
583 921
187 86
963 181
211 633
18 782
339 616
336 962
623 406
560 36
741 14
931 156
59 871
457 506
232 714
463 995
768 199
194 330
264 976
588 379
148 925
626 630
507 260
944 316
157 171
626 951
711 26
170 81
706 637
747 629
156 514
199 357
751 785
485 725
243 288
151 382
939 950
249 991
67 932
512 213
10 105
881 487
245 39
808 871
116 690
823 857
71 276
622 444
652 715
816 773
578 500
838 231
45 212
166 153
537 670
683 464
292 948
63 639
745 913
14 711
341 971
639 701
95 536
479 458
435 22
263 545
428 641
771 241
53 372
30 115
845 146
171 519
46 951
828 268
220 423
287 545
999 913
658 371
597 178
518 955
960 213
861 689
666 913
181 385
790 815
722 281
249 925
67 198
629 409
712 515
930 204
586 406
896 875
69 960
113 150
16 851
429 344
346 475
36 681
561 119
306 170
623 428
573 382
869 779
230 477
322 461
577 863
644 817
277 827
718 129
916 105
86 992
60 413
219 923
547 618
451 164
724 71
923 44
611 179
854 179
838 10
269 567
436 16
624 604
43 765
450 253
693 358
521 696
505 365
459 26
879 606
225 285
202 798
96 553
165 852
772 381
373 871
167 503
577 91
418 60
151 322
497 18
790 494
650 547
732 973
450 561
206 642
446 438
938 807
30 62
292 21
858 768
198 33
883 240
724 942
148 993
601 888
268 538
45 951
14 281
152 650
134 302
20 524
546 527
674 225
766 816
256 877
209 534
917 447
318 381
426 592
943 590
265 302
998 587
965 897
178 885
549 742
699 511
998 966
924 216
678 24
866 522
57 135
469 180
438 553
809 676
494 481
346 468
48 924
314 551
368 23
529 239
771 135
608 148
813 104
210 375
185 651
349 886
207 772
637 55
897 670
564 508
755 477
558 408
818 567
592 678
744 908
519 965
617 299
17 682
864 122
256 764
131 14
68 219
887 438
274 42
361 789
551 391
385 748
934 864
965 197
356 678
769 101
123 314
184 30
849 150
603 110
772 360
760 247
623 593
728 993
242 847
999 176
253 643
30 15
915 197
424 296
161 939
992 668
307 313
999 632
603 86
192 641
959 875
930 72
947 302
498 16
536 677
767 170
978 828
626 326
949 33
512 509
629 143
216 673
565 833
975 282
390 344
858 194
558 474
96 455
759 113
977 987
695 110
417 615
679 942
669 575
727 726
281 401
477 820
370 956
122 389
475 742
300 252
543 169
5 110
438 819
158 183
971 187
385 138
839 875
133 234
35 734
899 240
224 815
16 546
712 319
946 915
913 267
799 119
255 47
927 444
809 877
521 953
947 645
630 851
572 10
0 66
210 509
872 181
567 155
459 770
412 931
747 489
855 940
80 499
979 281
999 649
88 529
496 646
655 302
267 763
451 270
592 403
421 492
558 159
240 655
767 77
537 547
516 71
360 952
558 515
71 109
452 613
265 210
371 496
981 79
563 192
66 138
578 8
532 892
160 974
299 179
952 621
512 217
205 136
932 938
910 738
937 324
497 174
323 80
163 144
676 10
351 375
615 305
824 414
89 751
221 523
716 903
966 484
380 2
820 399
751 143
755 467
192 137
295 395
478 314
641 176
264 436
203 699
321 348
491 43
319 918
593 710
297 420
567 256
943 996
44 610
38 447
766 864
270 847
517 469
883 407
801 787
902 378
334 264
368 631
866 901
859 551
316 218
488 257
782 424
450 644
782 373
689 601
642 692
695 409
71 257
939 281
75 270
291 586
377 4
544 695
904 255
937 26
433 982
461 109
300 776
677 992
925 149
64 575
844 939
634 305
351 228
29 315
39 628
436 737
283 63
616 382
430 609
223 809
467 828
73 852
487 474
218 53
378 120
154 12
232 903
699 779
940 547
984 779
47 617
42 407
480 772
217 164
149 135
903 726
929 895
856 257
860 395
640 49
908 174
87 659
654 670
746 849
32 13
80 608
142 351
306 560
950 845
994 319
618 658
501 567
62 754
311 400
342 234
762 591
208 13
156 596
560 165
376 420
276 955
385 9
809 510
261 740
414 240
808 914
21 778
355 538
235 162
67 331
390 811
112 146
452 594
172 371
288 300
744 460
94 120
9 911
232 992
244 832
258 924
187 914
178 777
710 610
946 63
335 150
698 812
727 760
470 885
351 152
875 437
236 966
73 407
616 521
256 490
593 676
507 965
417 530
735 767
541 689
564 625
896 692
238 585
76 557
304 789
231 856
545 41
440 696
384 60
564 402
328 48
60 774
91 446
10 175
361 489
252 865
108 111
612 313
709 340
995 502
871 585
779 610
168 500
741 16
970 811
530 362
450 978
410 699
980 130
499 115
108 472
432 763
909 607
761 87
631 939
595 580
240 645
791 914
455 661
795 26
234 14
592 433
662 842
810 516
352 920
360 927
364 717
241 802
806 642
160 69
198 941
229 911
523 223
615 679
529 351
819 58
510 574
599 194
170 40
77 650
625 677
657 961
61 269
101 760
288 252
288 802
159 218
548 954
970 428
364 559
796 489
380 461
830 31
178 646
405 306
825 496
207 325
39 544
708 619
399 82
824 526
183 736
933 766
826 292
499 294
310 578
798 957
765 444
19 567
711 95
798 217
147 735
212 800
761 4
212 616
340 118
315 166
216 929
606 999
975 79
778 490
916 190
400 126
546 192
694 389
877 390
152 479
238 496
48 224
116 878
916 361
256 858
565 484
212 109
174 123
609 598
986 640
29 184
244 527
660 874
91 223
69 837
215 901
93 484
414 196
614 838
231 706
525 978
587 813
407 393
304 466
281 644
776 680
399 193
494 27
694 161
135 633
786 163
866 953
8 241
733 870
622 218
685 318
508 555
521 460
387 851
401 36
821 545
891 405
975 350
168 465
191 347
257 823
564 815
944 732
721 885
321 95
864 838
443 329
782 992
685 580
876 229
38 159
859 540
753 773
325 773
312 665
219 295
59 662
501 437
598 256
277 610
596 454
548 156
609 256
274 454
14 561
78 546
736 933
250 5
883 277
12 358
771 320
971 994
447 189
182 314
165 322
664 344
158 61
486 684
916 618
33 988
785 502
134 890
150 712
894 959
488 200
497 399
532 213
630 483
867 92
604 748
25 213
346 656
664 623
961 481
240 439
685 296
874 806
665 246
738 504
781 715
878 852
605 517
247 942
805 77
246 818
872 126
896 323
69 888
599 578
22 667
89 303
630 60
592 350
832 578
668 74
224 300
676 398
714 288
12 997
396 730
46 936
721 669
399 622
776 591
987 546
532 882
519 328
468 663
156 937
238 106
281 772
167 911
642 784
602 562
345 419
527 645
211 734
300 225
511 365
232 1
877 525
836 618
180 753
648 24
971 665
745 125
185 831
32 452
394 229
783 915
652 796
282 643
413 692
736 212
418 246
146 257
114 801
488 172
68 539
738 449
458 650
863 64
627 786
685 533
887 4
929 371
735 609
65 831
511 995
769 3
745 905
496 228
809 425
479 953
716 43
527 322
531 888
899 712
904 16
597 288
457 186
141 914
447 857
687 82
119 497
896 365
994 149
288 28
965 209
8 458
515 577
184 938
349 91
86 458
651 213
234 207
214 906
387 209
386 504
796 921
225 107
644 245
117 866
994 477
249 877
320 101
110 570
665 113
129 677
747 736
275 211
820 421
681 181
536 890
146 413
516 994
957 763
471 673
558 510
567 545
878 304
904 32
770 611
567 56
141 676
795 336
793 134
318 353
423 76
959 196
43 250
239 224
595 66
620 2
233 248
491 91
479 752
59 814
203 944
689 840
444 969
620 453
328 229
420 357
834 497
277 31
232 996
857 416
810 897
428 757
532 18
398 488
52 654
507 978
526 346
671 89
912 173
755 732
751 943
666 378
968 727
970 618
343 780
160 568
230 972
648 112
869 112
130 899
47 520
800 630
880 968
313 236
443 229
695 5
602 350
394 377
567 498
677 351
355 821
477 325
512 686
600 48
693 605
306 361
894 0
342 294
228 779
295 808
292 201
218 833
461 116
947 6
32 977
831 747
691 867
0 45
971 166
155 824
220 710
930 378
838 753
512 700
212 697
66 320
153 766
846 684
779 85
331 910
928 35
490 95
481 435
38 464
887 863
108 690
530 899
184 69
126 821
454 97
836 671
986 990
113 941
81 846
491 789
492 374
948 976
70 313
116 570
657 850
786 998
60 346
163 670
949 192
874 443
795 37
85 471
273 256
877 185
856 337
954 532
814 712
132 655
370 580
354 835
190 441
340 177
772 515
160 66
588 624
114 478
371 567
173 119
121 548
218 257
390 878
43 237
466 89
4 199
866 700
752 887
700 865
587 651
677 551
562 706
645 517
349 700
358 249
667 632
386 451
529 850
793 662
850 182
424 513
393 781
30 147
97 18
350 544
93 350
207 50
277 616
859 346
526 995
746 919
897 567
967 106
388 176
444 186
360 455
392 918
340 54
331 770
83 794
882 515
478 932
923 749
507 504
934 198
363 783
366 911
228 426
438 348
137 543
901 731
558 227
6 363
242 68
503 616
951 644
225 275
929 976
386 584
135 485
152 656
46 571
16 632
578 600
957 658
777 755
537 553
778 240
863 985
985 474
157 829
533 577
387 608
211 797
797 734
45 856
90 218
36 425
321 926
694 278
480 564
595 790
370 316
354 173
750 673
135 813
170 982
647 64
511 493
822 220
520 475
241 827
226 444
125 166
785 612
521 836
967 746
301 8
650 659
340 519
475 451
791 897
160 295
670 883
727 424
455 465
720 645
36 406
614 409
396 392
856 971
911 462
750 614
641 254
221 933
877 448
995 910
283 315
833 915
697 518
743 155
210 923
990 672
34 410
80 788
476 817
357 152
557 191
912 664
156 140
390 249
978 96
546 127
334 713
248 816
295 764
384 166
557 620
633 775
704 79
177 424
294 290
168 327
795 303
603 682
350 42
420 499
800 237
683 866
951 396
611 471
827 105
298 663
217 289
544 171
5 697
260 603
654 479
260 420
757 965
296 734
354 443
610 516
383 333
289 930
745 490
987 593
221 819
914 60
767 343
13 475
879 362
243 49
689 357
619 727
149 598
514 949
116 350
950 793
315 910
611 767
407 910
308 997
715 507
993 163
675 369
304 558
996 659
753 539
410 416
164 277
334 117
374 584
559 280
680 320
246 229
297 104
559 742
888 412
314 440
247 122
782 487
441 741
698 25
24 953
28 672
495 990
286 130
547 131
143 549
405 529
23 904
999 530
483 522
382 462
189 190
392 526
820 169
542 401
782 813
319 275
147 202
772 337
500 453
689 666
224 563
26 659
621 915
868 283
181 698
582 404
532 765
845 905
270 116
112 581
597 404
870 95
18 914
813 665
739 489
570 183
806 568
617 814
549 743
451 62
764 230
827 894
498 537
820 221
212 496
302 448
536 552
304 44
827 930
96 367
337 741
339 690
91 807
85 720
859 277
821 459
294 540
34 249
353 436
269 898
261 793
626 300
603 905
653 334
399 683
376 674
515 885
226 796
791 998
96 345
56 230
155 534
572 104
554 347
191 246
172 737
118 300
538 257
119 62
544 940
312 46
630 584
614 182
218 896
912 579
416 571
764 901
864 541
481 515
743 405
491 2
345 42
331 341
59 830
845 950
720 75
654 266
240 70
99 80
735 922
216 684
251 119
572 282
681 527
132 897
994 108
879 592
94 886
939 811
4 105
154 532
949 260
261 690
85 358
930 717
913 284
533 984
424 166
412 328
182 220
128 145
554 823
673 793
223 555
351 5
692 325
17 638
696 476
800 444
353 992
124 317
952 103
558 339
157 219
441 962
789 322
37 858
738 150
339 787
148 714
756 112
665 402
889 316
160 684
746 495
547 661
966 724
500 337
554 390
23 254
636 492
464 254
368 661
74 225
768 549
629 50
591 932
571 760
79 335
224 643
728 353
391 590
595 777
537 908
390 49
453 691
223 251
435 385
359 106
84 776
933 836
229 879
814 969
67 876
753 207
890 352
114 664
365 617
481 118
649 408
116 975
831 144
370 804
230 469
278 121
543 520
229 192
634 17
67 562
973 23
892 632
642 397
284 243
21 989
943 163
672 318
593 186
290 641
253 263
865 37
145 258
177 624
261 443
573 743
659 489
407 751
312 413
166 205
646 501
425 747
506 76
904 704
227 817
554 780
153 840
160 875
105 66
132 446
331 975
449 166
292 916
885 612
620 731
943 501
198 348
489 928
365 289
448 254
769 882
519 271
966 767
860 868
755 254
155 880
832 113
146 484
131 696
651 322
45 632
364 459
801 26
765 111
323 541
450 279
337 197
869 824
904 815
154 760
93 671
680 556
356 143
613 766
429 361
216 557
295 198
92 620
348 118
818 206
44 358
963 771
265 377
737 625
340 685
491 992
100 714
405 682
709 914
545 31
267 866
245 237
651 879
610 985
918 608
403 332
124 71
280 771
336 29
818 316
364 3
194 902
773 577
333 323
474 919
288 509
752 982
385 247
2 331
719 644
821 537
187 403
303 781
187 730
247 603
13 682
15 656
6 532
425 941
921 805
479 961
567 37
163 900
23 301
171 953
220 402
432 742
782 666
616 996
704 646
709 645
449 573
669 520
118 764
164 0
748 879
423 714
741 917
183 196
131 81
947 842
444 538
449 257
298 414
279 455
489 953
238 137
496 191
977 871
168 953
471 402
580 372
173 979
481 896
241 785
492 686
569 365
951 525
10 54
447 253
871 613
879 159
7 603
84 42
51 716
880 601
41 649
827 76
361 840
607 473
827 749
179 300
210 513
375 285
951 648
63 773
406 404
925 25
643 213
786 126
154 159
517 201
982 277
895 849
807 786
165 356
784 722
886 861
23 523
644 987
945 406
859 633
816 464
660 241
723 833
969 825
599 130
382 668
512 318
727 65
574 130
58 881
37 639
163 214
341 938
313 135
529 527
290 780
848 892
119 755
351 284
271 971
95 405
955 651
382 908
151 398
757 681
868 322
552 180
318 212
313 586
425 702
382 911
447 130
959 109
653 897
669 769
408 890
639 85
772 69
51 230
327 331
428 474
866 358
119 54
153 429
372 728
478 512
971 490
959 400
205 799
885 209
121 677
867 99
632 929
269 559
889 549
136 113
276 969
385 380
795 204
526 482
516 587
783 371
540 675
443 343
143 18
394 437
798 820
565 53
289 314
650 629
385 416
929 321
448 41
204 185
143 961
478 320
800 712
712 710
514 745
126 983
774 432
512 656
143 358
47 672
401 959
481 19
870 807
979 51
486 198
311 547
213 719
233 783
634 67
6 366
914 568
328 495
631 592
147 398
141 955
1 675
743 869
768 594
189 616
807 946
353 807
349 443
331 374
240 545
49 398
710 915
912 649
768 316
655 677
202 354
641 73
85 622
544 993
104 771
725 482
87 862
78 496
951 863
635 461
354 230
441 285
255 976
369 333
123 210
814 869
321 350
192 461
775 678
438 761
192 490
866 183
722 340
539 370
925 278
274 918
921 870
102 959
298 199
259 932
63 574
506 759
149 910
603 595
197 12
783 165
891 829
621 562
167 938
192 268
58 589
198 126
8 553
404 109
495 555
599 803
38 987
102 405
391 966
440 819
963 370
802 314
383 213
74 118
377 796
946 886
601 188
757 427
482 529
147 523
149 544
208 570
793 477
474 32
188 76
400 981
495 924
312 2
935 276
838 556
471 205
838 98
647 687
325 893
603 717
423 231
661 731
809 593
950 961
709 463
766 582
796 194
32 496
581 775
515 656
349 965
257 194
856 364
403 672
866 902
135 423
718 743
916 50
536 168
817 613
77 708
379 230
655 71
946 440
450 467
226 391
434 346
662 454
565 726
703 597
272 618
674 693
72 379
630 216
922 137
730 972
802 46
603 49
852 615
160 123
721 273
287 868
783 489
259 143
551 137
889 69
145 408
263 828
380 953
340 723
788 509
80 431
856 436
503 173
988 657
377 143
430 723
153 667
816 303
883 160
435 147
438 580
827 191
736 865
220 933
291 690
539 992
51 333
552 267
100 571
543 932
120 721
247 613
773 957
858 73
187 807
69 160
871 4
593 726
978 316
252 632
203 367
985 711
632 590
568 953
348 991
775 434
520 840
861 467
386 331
487 491
793 785
287 596
307 970
369 436
359 354
407 681
287 488
436 469
300 325
436 868
991 451
144 480
370 633
459 967
827 802
643 479
598 861
368 557
816 995
35 141
883 624
638 974
711 258
321 799
479 653
655 519
380 299
181 636
597 647
943 802
455 500
598 298
947 523
31 523
981 39
658 276
202 387
576 825
972 664
222 64
27 228
964 513
288 83
519 240
425 164
488 247
361 851
469 656
315 287
619 941
555 699
89 78
219 942
371 909
37 218
109 615
749 259
448 879
175 539
843 53
377 837
280 305
399 667
268 680
412 759
722 737
71 585
518 317
513 327
57 251
303 755
498 678
86 594
583 477
578 417
950 232
171 319
529 706
264 164
690 144
207 956
710 955
261 52
983 879
924 9
827 564
250 83
338 393
468 205
58 974
647 46
590 397
808 268
673 64
863 637
689 993
669 98
557 348
79 16
212 114
284 583
679 592
555 172
781 42
883 71
703 1
369 682
767 973
287 482
812 5
533 180
685 485
340 117
137 390
934 496
375 924
663 591
557 783
380 298
822 272
260 84
920 646
2 326
889 973
565 258
373 203
254 87
690 985
777 838
994 442
868 131
138 442
847 628
657 176
389 226
182 217
254 696
562 208
260 273
180 685
801 50
633 829
597 885
122 713
512 89
605 236
896 418
210 149
771 890
398 702
822 409
526 581
34 191
179 173
310 826
76 821
876 720
571 77
552 836
350 458
388 30
333 689
759 664
237 240
339 243
456 512
688 581
290 74
465 290
706 670
670 818
487 396
458 195
435 819
782 394
351 145
168 336
801 684
892 22
370 443
523 857
201 549
791 314
933 645
246 512
38 477
228 367
910 897
739 270
783 568
511 952
185 329
98 925
133 101
178 454
75 584
29 795
765 392
597 904
314 138
477 130
440 224
460 771
835 950
960 91
943 157
632 242
310 856
821 116
509 579
188 717
534 210
147 574
232 766
247 438
309 63
608 673
180 885
213 837
516 726
882 359
945 356
849 133
365 295
923 429
452 600
184 440
458 828
568 360
988 571
324 233
804 159
992 392
28 930
213 270
491 676
658 625
744 805
679 698
608 157
16 510
389 880
324 215
901 771
712 687
750 865
435 383
75 797
939 594
126 999
928 288
852 514
919 963
691 781
972 842
546 369
779 812
296 494
415 370
984 489
736 446
960 515
406 822
265 195
138 745
228 639
676 168
63 331
613 939
929 124
421 978
791 318
35 239
559 193
430 983
468 320
897 234
582 968
775 676
608 236
46 862
845 831
808 624
965 529
773 478
905 390
143 475
170 249
298 236
89 706
409 48
996 911
543 375
596 890
244 12
717 974
673 899
468 638
380 230
132 261
912 232
584 234
803 535
544 878
700 285
600 470
266 722
764 869
912 938
658 473
544 235
477 742
395 208
192 686
223 323
738 994
668 301
295 43
439 717
231 603
304 561
845 434
953 669
510 373
753 163
430 130
308 231
788 600
481 634
962 826
104 35
448 581
145 110
262 58
76 835
989 619
715 186
845 194
586 174
203 777
729 75
424 536
749 453
835 994
907 988
211 860
9 333
126 660
7 503
925 156
824 225
634 489
95 152
132 842
103 927
613 996
886 587
145 683
904 309
59 693
72 747
754 673
738 635
485 600
230 279
464 814
372 372
816 382
792 817
429 164
615 738
554 923
619 353
582 747
880 250
724 763
113 698
482 494
186 259
285 112
371 111
428 63
75 931
481 403
195 303
316 804
789 871
87 711
34 329
876 45
288 259
361 706
767 587
332 376
508 50
597 542
533 295
300 648
936 447
441 224
234 786
251 933
875 181
284 723
903 497
850 11
411 536
783 691
408 978
733 802
247 389
19 409
673 348
446 79
753 828
312 914
862 918
448 830
783 155
726 941
867 582
78 718
400 473
761 955
190 510
454 851
652 643
363 601
295 138
887 157
602 391
429 929
840 254
365 892
218 218
132 293
118 886
38 166
916 690
560 963
369 301
354 971
647 512
127 369
497 506
996 840
898 43
753 721
75 792
310 546
941 65
628 53
904 80
863 592
295 597
737 95
644 341
198 292
557 836
946 937
579 333
750 896
409 595
859 686
54 177
629 515
191 351
390 31
194 138
685 363
595 479
337 936
68 120
136 937
532 493
800 23
416 275
561 374
489 566
552 879
95 100
390 985
778 883
481 161
458 303
154 213
878 946
50 421
819 977
809 774
722 678
716 945
284 340
706 953
477 286
987 437
195 835
761 36
923 420
996 218
538 247
785 493
254 762
60 18
103 743
713 985
622 436
736 508
63 417
519 488
466 322
532 744
875 709
311 707
236 456
406 551
483 92
703 547
583 871
177 278
290 247
80 882
169 201
51 343
492 390
644 269
674 850
961 899
260 304
363 123
981 32
110 175
259 185
393 741
285 319
580 902
308 893
290 715
180 937
579 281
44 421
761 702
408 800
688 703
875 665
118 969
846 496
943 237
625 372
262 757
954 492
150 439
60 929
570 555
527 221
958 961
222 517
512 434
978 278
462 266
242 904
440 747
562 337
279 965
382 973
828 237
858 883
56 0
440 432
535 829
783 332
962 414
743 101
862 503
188 776
133 151
427 616
329 686
879 597
681 821
473 894
107 755
834 317
191 679
817 406
12 968
791 255
382 473
97 57
285 359
871 147
874 705
57 777
991 394
98 517
121 621
983 334
155 303
522 879
884 927
945 353
353 793
185 398
591 107
750 108
250 211
285 858
128 939
716 762
611 512
393 898
899 123
498 100
33 885
286 880
16 985
88 562
933 914
820 439
960 695
80 165
462 977
528 810
841 397
264 52
600 58
254 906
275 670
194 785
526 676
595 442
193 485
769 455
838 581
672 400
622 207
654 800
659 546
154 949
257 793
192 177
198 56
760 819
411 861
255 34
670 421
935 739
440 579
175 238
801 420
843 427
81 396
707 575
948 60
859 42
5 225
303 880
885 39
229 148
957 64
474 591
710 24
276 671
914 382
719 654
603 416
973 116
46 783
936 450
678 223
462 201
442 117
704 818
163 895
537 404
33 981
177 264
91 792
546 290
915 816
294 441
900 329
774 848
599 527
307 541
937 424
892 499
868 174
248 186
67 758
696 86
459 985
788 964
864 737
180 297
749 189
390 948
249 898
132 980
184 905
366 307
990 535
660 218
173 787
201 197
625 314
460 440
215 914
226 716
979 791
575 480
145 53
891 447
484 686
677 47
964 460
773 971
509 620
727 349
749 744
869 988
319 14
40 325
956 905
136 594
449 296
247 392
537 422
991 328
36 552
126 643
350 798
750 760
836 31
47 758
159 207
730 491
69 69
583 393
673 45
96 362
710 770
240 640
610 624
857 214
513 36
2 344
724 43
19 806
242 150
413 524
832 728
811 341
302 459
353 954
784 713
17 957
295 735
416 879
510 741
971 442
480 813
976 723
774 95
499 735
48 826
58 897
246 528
874 22
20 906
960 921
624 879
135 866
360 711
588 661
817 620
188 205
437 272
72 214
492 736
686 888
135 167
264 784
160 61
433 621
151 623
594 735
998 309
16 140
574 279
773 662
484 57
21 9
507 89
115 245
570 379
759 786
17 108
805 170
890 203
781 48
703 382
700 871
792 55
712 98
77 473
392 404
839 119
124 255
287 469
675 252
638 660
925 810
29 333
500 988
735 676
938 761
692 798
709 724
584 268
889 759
605 931
341 357
900 895
357 948
443 884
734 746
84 195
480 143
409 950
461 651
378 926
428 731
935 171
591 423
428 663
377 117
183 159
418 61
947 931
105 446
898 331
931 645
143 264
956 655
569 962
812 308
58 371
676 189
62 228
138 922
830 973
129 444
850 816
161 681
149 123
431 40
464 824
227 815
786 308
317 847
927 145
558 310
592 912
379 765
493 214
609 501
767 736
523 972
434 462
314 231
396 12
376 325
752 610
816 412
783 158
56 622
254 219
390 672
54 212
819 682
501 803
512 436
399 862
11 233
57 345
597 531
444 196
922 309
501 15
73 39
890 547
544 942
668 329
555 401
416 735
456 629
765 259
966 812
220 41
597 727
71 38
569 871
554 190
496 502
318 919
797 313
881 594
704 200
148 732
557 953
852 84
93 144
797 930
148 625
902 188
176 863
820 905
543 547
132 703
391 877
226 903
725 226
84 921
609 893
140 334
941 241
374 199
638 167
922 268
174 988
242 523
743 387
225 339
864 44
675 49
877 527
167 215
315 390
51 939
11 762
324 478
313 405
27 746
750 538
587 404
528 171
929 432
801 263
604 414
784 447
401 22
157 655
57 822
843 625
8 315
436 587
486 843
203 579
511 448
425 346
231 146
627 847
471 257
385 404
454 175
464 328
676 685
786 429
231 416
335 857
807 499
816 543
312 560
909 611
721 184
380 396
270 751
106 231
187 93
922 522
869 584
161 819
901 65
75 58
374 12
751 458
236 429
545 628
301 288
926 469
694 807
790 694
745 225
120 799
967 172
613 202
323 391
235 125
500 305
414 932
809 311
302 980
146 689
410 692
378 624
851 279
909 533
863 175
576 487
534 692
88 454
404 667
923 825
992 149
311 528
168 611
560 334
330 183
908 776
534 673
918 703
2 88
16 3
275 962
719 52
159 570
651 216
612 665
994 383
585 349
648 282
914 616
69 442
378 543
175 765
588 599
684 63
747 920
490 351
324 803
618 843
961 994
736 482
828 632
132 222
338 470
465 151
307 834
121 735
309 567
275 529
353 465
992 200
168 622
818 468
808 100
241 908
421 412
622 484
697 376
96 563
188 350
18 123
827 580
796 427
904 205
741 637
798 462
997 933
720 154
259 864
193 628
905 323
464 420
486 648
305 319
594 1
438 989
292 565
520 884
963 45
533 969
551 984
271 810
32 425
335 597
946 347
767 956
322 492
258 280
926 956
704 306
210 456
642 254
77 780
605 661
965 659
685 7
81 931
846 114
925 204
955 800
401 30
71 551
649 819
503 739
444 68
31 589
168 173
7 107
20 418
199 767
253 394
780 307
81 529
905 217
95 519
333 265
343 70
598 673
992 983
222 556
482 330
83 224
501 881
649 506
409 854
107 895
114 847
544 325
144 55
819 956
298 192
974 55
566 494
479 974
811 721
936 144
52 87
351 933
638 782
436 360
149 313
348 164
651 485
583 218
206 735
115 18
184 869
103 378
71 698
931 876
218 915
544 902
281 484
853 53
200 212
949 746
925 311
174 921
418 47
261 240
365 10
235 68
914 229
267 900
780 720
755 761
301 533
135 326
784 230
215 905
620 7
644 538
403 623
522 96
707 885
149 578
227 350
809 711
580 244
739 961
353 249
343 742
501 434
277 661
799 112
593 174
357 643
17 394
880 624
221 245
394 392
435 874
197 957
472 562
122 907
473 512
801 834
289 324
404 861
322 910
203 991
146 93
164 543
34 159
761 37
878 738
624 768
925 799
84 254
257 712
436 77
419 887
31 982
68 66
866 704
733 795
943 15
529 572
654 807
680 122
133 698
786 731
30 399
62 899
546 893
145 376
551 241
483 303
944 916
877 844
755 157
995 277
127 698
329 437
134 465
235 572
990 875
636 298
178 727
358 704
574 774
605 349
948 153
400 427
174 768
693 712
407 864
771 150
711 141
900 594
213 345
254 415
227 338
341 751
818 736
547 442
739 406
871 216
737 416
56 659
721 788
856 939
849 330
146 913
835 171
215 66
845 909
346 172
44 183
890 595
565 941
674 456
798 800
809 473
807 984
78 54
386 44
160 39
153 110
549 922
943 264
515 556
776 525
290 482
230 190
647 32
988 944
385 377
643 994
114 487
728 631
270 304
812 103
180 546
204 931
892 813
957 944
491 761
241 698
527 566
235 471
332 304
241 440
72 372
146 385
947 138
837 441
48 542
331 199
310 526
804 338
20 519
890 902
279 557
772 983
778 114
572 969
937 716
548 929
876 486
583 540
330 116
294 573
658 146
151 577
169 991
119 819
406 495
694 594
824 620
955 394
226 918
438 511
187 321
563 889
443 647
596 117
955 733
44 245
810 363
126 616
957 698
460 376
217 394
162 181
13 117
478 981
896 765
731 723
75 854
162 58
69 674
559 872
250 750
508 472
869 73
673 430
211 535
877 342
177 932
484 842
65 652
956 384
216 683
369 754
99 475
525 81
99 778
601 314
608 210
229 761
525 573
874 406
443 557
921 499
714 979
715 933
725 116
730 700
163 505
830 442
240 734
784 180
344 614
821 455
31 478
872 47
244 585
52 724
551 283
388 903
503 255
278 707
90 810
192 876
273 834
115 21
45 709
404 851
306 83
772 713
994 635
41 299
650 531
199 228
826 722
567 510
91 941
197 649
187 139
506 185
44 899
270 815
902 790
919 672
714 146
311 165
887 752
739 534
174 135
489 971
620 717
100 84
162 524
553 211
435 142
206 493
319 44
106 154
310 293
38 843
724 974
422 948
875 134
360 538
335 979
483 572
475 945
171 95
460 316
101 736
167 149
665 319
542 89
755 176
934 406
304 195
742 512
946 192
418 44
494 387
985 724
608 298
631 37
625 44
387 258
702 823
842 890
582 156
790 120
87 58
704 964
236 482
670 480
638 461
443 742
647 295
943 900
864 237
650 903
976 6
64 506
704 33
199 647
67 573
482 524
7 714
690 615
297 643
439 161
88 344
567 632
900 816
676 954
404 47
643 17
692 133
529 430
144 526
726 601
878 930
87 475
167 508
392 646
136 400
15 381
120 544
568 368
79 421
573 896
183 836
268 535
299 254
953 820
143 712
539 579
28 98
140 581
180 459
106 367
303 252
127 970
180 490
243 409
236 435
753 158
727 132
244 694
463 602
992 8
678 260
198 818
292 226
632 554
897 429
147 692
614 628
870 121
109 750
634 428
395 516
384 323
520 604
561 527
301 203
476 86
717 153
350 971
36 814
441 180
618 127
984 839
615 161
415 869
592 874
192 218
159 736
140 284
887 537
589 829
485 450
814 830
535 514
905 221
76 435
936 647
994 500
137 653
230 908
43 642
844 519
49 149
254 516
572 819
246 829
541 322
392 682
585 868
185 782
857 241
983 474
767 561
270 794
963 875
223 544
286 437
309 270
978 965
888 771
398 398
943 5
655 283
278 567
869 577
622 972
269 153
181 955
377 823
89 818
146 620
277 605
742 100
809 99
418 624
486 299
4 55
329 248
249 942
450 272
688 965
144 246
486 236
244 206
692 481
498 589
482 896
120 339
924 995
437 270
411 356
621 987
257 174
422 902
668 626
675 658
839 992
762 800
117 498
703 12
958 358
622 2
300 861
443 709
24 260
251 819
536 123
77 853
421 214
250 62
86 642
241 553
216 574
280 502
7 934
463 720
167 488
137 263
439 4
716 604
715 736
460 142
910 942
745 501
765 838
560 466
899 281
4 926
699 251
463 935
834 571
848 247
410 714
791 797
187 519
355 805
345 673
871 502
932 436
166 592
705 593
943 836
522 701
183 563
426 987
532 545
665 315
356 244
719 382
927 27
401 940
524 542
686 326
146 600
224 37
430 962
802 822
285 686
271 740
643 323
233 756
909 308
674 723
916 626
747 247
822 138
419 485
579 640
646 459
657 911
261 53
883 738
302 865
691 50
627 373
754 240
513 937
711 867
946 357
423 805
490 899
389 778
22 570
664 670
285 790
706 956
23 978
825 217
950 917
387 997
775 69
398 835
683 553
721 603
17 254
885 703
842 407
591 641
933 670
119 796
542 236
529 907
554 21
53 139
354 685
243 22
589 586
183 156
881 12
130 663
892 819
785 362
860 603
573 684
628 287
783 636
479 480
564 767
961 943
404 383
367 93
800 518
84 194
976 514
300 407
588 961
578 634
967 575
457 844
344 200
970 100
691 357
12 460
67 101
61 525
121 667
469 561
620 866
84 895
390 95
742 495
250 862
820 629
381 530
473 926
678 859
911 297
142 228
923 291
873 110
348 888
275 873
369 801
555 256
152 256
937 480
384 377
674 580
171 311
438 533
156 334
271 777
813 361
174 223
625 649
215 923
513 396
645 575
385 265
135 124
10 903
254 239
434 93
675 756
993 920
145 667
667 734
967 184
620 668
780 451
150 218
254 943
727 406
465 386
64 820
621 616
793 154
707 507
410 62
79 275
151 0
578 60
426 102
28 907
542 528
60 292
313 381
444 441
122 424
644 893
690 478
492 674
707 56
185 663
422 551
291 224
87 137
34 264
531 195
606 35
290 834
764 303
235 212
126 324
134 821
683 405
211 992
470 588
825 891
102 813
550 68
460 956
122 870
291 727
483 45
524 498
427 396
606 324
887 275
560 390
163 970
556 666
20 691
734 804
489 30
871 701
865 652
13 739
493 761
991 840
767 708
434 399
552 696
270 87
114 479
667 193
574 527
692 166
761 336
364 200
109 450
62 921
749 308
570 76
912 201
866 298
509 173
395 504
801 900
895 756
680 507
865 894
660 837
96 996
863 736
796 605
448 430
356 934
991 832
742 236
699 509
248 918
29 386
587 513
993 537
867 175
566 444
991 815
545 953
651 639
220 302
720 725
718 18
500 991
621 50
269 895
751 137
113 347
441 603
267 558
729 410
28 734
323 895
171 579
671 300
562 375
559 648
513 640
690 383
368 247
39 31
5 582
458 560
969 48
258 354
873 742
444 264
283 282
995 820
167 386
84 657
495 871
812 894
228 768
971 93
318 539
121 591
524 281
458 123
729 809
884 630
795 616
886 314
944 350
665 556
271 208
375 997
400 934
78 670
813 537
64 463
132 213
406 579
228 690
102 801
708 932
916 153
41 393
304 598
271 487
962 960
820 332
348 965
727 472
746 90
843 380
317 947
682 758
618 885
600 660
266 580
281 573
794 578
885 375
918 858
422 984
605 683
511 584
958 804
243 745
4 654
143 156
838 441
936 859
395 226
173 705
117 496
210 183
257 472
962 834
123 185
817 900
216 704
287 619
922 209
182 749
932 741
869 339
188 181
782 873
3 137
809 708
103 839
951 888
675 719
290 840
102 535
64 54
837 459
11 535
711 457
651 927
857 621
590 522
226 882
560 39
341 780
887 945
769 718
877 336
538 431
18 883
431 487
238 150
346 187
695 258
93 191
275 561
746 968
326 75
318 58
417 578
426 761
522 987
479 268
846 16
785 482
28 439
196 112
597 192
735 951
255 378
377 418
272 933
470 554
454 931
786 528
976 846
15 706
868 381
676 956
600 332
309 363
879 342
750 437
352 789
622 514
196 693
668 190
937 284
126 728
872 980
816 726
704 550
175 568
784 214
205 608
501 671
839 898
324 307
994 717
834 650
155 266
288 412
860 146
717 403
150 458
861 334
35 718
804 466
854 651
937 951
217 450
491 137
434 980
670 268
971 241
597 100
909 931
297 355
566 537
940 561
361 167
897 465
791 562
233 701
482 197
759 797
651 863
10 424
875 317
326 961
455 952
446 765
310 188
616 624
155 728
176 335
84 514
645 681
295 786
386 247
924 643
65 164
10 348
475 714
926 819
68 963
517 697
980 508
456 444
397 625
428 121
636 304
338 552
596 226
807 399
806 794
331 783
496 241
153 721
586 782
656 466
424 123
893 113
152 222
752 969
106 984
69 97
927 941
523 788
535 611
712 499
556 50
824 377
135 604
134 908
199 583
402 107
643 124
101 770
498 303
611 693
81 479
31 339
461 64
625 159
118 263
248 616
893 158
211 266
158 861
999 688
799 129
568 383
350 424
27 571
812 562
171 110
135 553
485 603
528 721
533 478
206 324
354 205
514 509
833 336
105 690
910 666
894 508
228 271
220 409
202 803
939 956
335 15
575 983
988 398
535 299
106 843
184 543
625 411
110 736
657 777
374 585
683 885
614 141
991 300
552 451
799 709
557 763
409 211
651 739
298 334
191 535
553 238
277 973
525 816
445 560
628 652
569 796
400 463
756 742
609 420
792 890
954 776
825 428
247 162
489 420
341 182
560 641
442 102
588 965
455 776
275 640
67 168
23 452
17 691
835 898
454 948
318 318
433 544
19 232
959 740
97 486
394 597
180 354
97 566
68 925
471 602
453 329
422 523
589 861
42 386
993 707
58 750
366 210
13 260
683 933
74 541
190 408
83 826
596 251
211 670
21 823
41 987
275 427
767 916
151 290
872 57
726 522
858 893
840 36
965 582
384 962
837 500
290 171
828 75
300 56
448 910
755 916
671 803
204 861
94 214
81 378
250 432
879 550
398 865
947 92
847 279
448 769
332 745
801 182
924 769
514 557
761 31
119 749
296 867
409 768
708 108
722 679
466 538
764 723
999 967
278 31
687 322
481 838
435 98
326 67
21 27
586 597
413 114
2 328
442 701
501 908
869 725
285 290
747 505
17 62
466 176
442 951
908 707
503 89
34 54
988 512
36 352
121 697
882 661
485 429
101 916
577 760
349 205
491 5
657 140
357 497
986 110
90 611
859 384
880 406
599 453
988 85
453 350
163 290
821 850
885 405
304 31
254 683
702 913
688 751
113 961
184 403
427 147
493 343
197 652
637 413
354 591
347 509
9 171
854 273
685 399
861 598
226 753
867 343
272 992
678 967
933 345
16 933
718 277
413 687
366 921
851 167
530 167
879 310
450 186
843 620
322 95
154 801
783 784
7 53
917 498
468 919
665 200
897 122
864 602
789 665
139 964
932 306
968 109
114 658
219 528
401 421
594 310
791 441
606 870
224 777
46 786
90 495
650 108
330 634
86 233
51 474
997 973
807 569
46 763
298 838
351 16
22 293
699 579
684 273
606 265
245 114
521 681
70 992
795 289
960 106
646 398
376 669
54 588
680 329
934 842
57 487
990 392
338 658
944 228
391 287
135 654
208 396
872 449
545 629
322 179
301 63
657 91
185 148
202 677
413 685
110 189
170 143
26 621
462 839
530 357
270 435
420 572
956 307
872 424
417 991
657 360
18 376
153 381
712 951
979 558
939 57
705 16
724 694
350 286
308 409
428 261
696 309
110 781
46 193
523 605
951 294
277 194
221 881
546 998
13 745
979 741
672 360
141 898
815 395
556 812
840 877
511 840
188 344
211 635
629 974
750 856
668 223
124 381
277 286
707 887
442 214
952 737
162 846
421 747
544 653
361 999
648 603
561 372
646 263
86 295
98 860
919 360
568 817
221 343
91 5
195 763
74 920
529 275
635 158
572 211
773 330
814 738
502 473
348 302
791 778
258 360
719 58
201 366
722 777
81 999
354 696
231 533
769 959
880 533
831 619
207 814
19 225
898 627
40 479
188 775
174 147
848 881
812 873
647 198
115 10
10 190
643 710
34 641
194 18
83 518
553 592
885 267
471 302
314 952
822 68
634 865
432 426
117 683
452 466
763 79
67 430
917 41
968 350
38 28
458 852
168 136
186 555
375 235
791 385
716 230
384 147
297 581
566 388
624 458
842 605
751 584
731 935
648 757
84 318
434 323
945 101
211 688
532 259
563 605
917 31
892 214
852 372
626 838
662 431
299 648
695 306
198 586
145 840
293 405
238 645
215 522
741 914
332 138
473 677
239 647
203 41
215 129
372 312
226 228
305 301
726 451
230 578
94 283
734 757
999 483
831 506
556 838
959 972
511 227
30 371
570 237
355 935
475 880
70 339
371 719
573 685
84 586
639 795
149 709
444 706
331 326
112 485
578 9
884 845
138 906
717 384
916 411
382 54
789 167
941 640
60 624
321 85
471 685
606 404
274 291
157 806
907 646
37 436
825 379
396 365
452 220
548 820
900 821
942 894
644 850
22 8
944 210
384 199
307 843
547 130
388 206
892 247
497 699
388 275
870 679
995 891
280 189
655 6
248 876
449 488
931 104
69 593
294 552
394 141
770 326
623 502
165 122
513 878
513 876
198 627
944 239
982 609
779 780
916 911
509 179
206 486
221 764
665 269
40 220
141 592
373 663
119 665
813 396
22 171
410 349
237 862
204 986
466 190
460 988
19 709
941 461
761 234
178 803
257 267
385 969
179 228
394 700
475 567
540 381
625 714
278 261
690 735
938 964
697 445
816 796
868 23
467 528
3 4
243 165
312 90
85 160
833 267
357 536
484 351
954 894
74 169
823 971
524 553
80 375
520 750
42 206
616 496
452 542
321 493
320 14
552 9
892 261
25 564
963 874
993 104
763 351
707 963
153 970
102 985
225 469
325 469
93 417
381 410
877 106
653 95
571 986
528 409
416 624
114 345
277 795
929 318
1 445
208 596
169 446
391 867
901 890
283 551
957 809
529 87
782 233
636 692
864 433
279 746
723 215
106 495
435 296
277 943
775 295
40 636
780 61
826 979
643 645
724 385
524 470
647 810
218 667
42 342
697 413
755 502
835 312
513 153
497 959
887 272
530 44
873 745
320 368
330 571
785 305
264 222
373 63
670 594
158 969
927 958
912 284
728 5
845 918
98 45
896 746
848 871
946 225
635 60
639 936
544 952
530 17
647 659
314 697
126 934
313 421
829 640
184 422
82 559
772 527
544 842
700 16
130 89
507 60
213 410
602 617
480 100
239 505
674 398
819 625
30 670
997 373
221 296
909 697
359 115
836 260
596 900
389 614
37 198
428 871
359 568
203 947
944 528
311 854
139 341
681 559
31 840
571 809
837 135
173 928
984 203
90 505
520 282
975 12
676 503
821 483
921 883
772 107
215 2
220 618
707 626
39 476
91 921
541 288
963 667
64 246
956 870
297 544
659 185
256 331
478 618
690 781
985 601
714 594
568 313
293 10
644 700
164 52
522 789
0 168
750 588
32 201
32 949
104 111
929 614
872 804
245 950
746 867
709 699
199 606
313 979
437 196
890 597
312 893
91 384
715 734
507 605
879 149
29 732
455 809
843 434
286 547
574 944
708 799
331 48
405 948
39 945
26 321
429 780
338 180
921 166
60 58
455 590
101 42
451 483
778 617
704 746
790 281
690 280
644 208
747 479
387 494
134 898
440 472
492 806
636 909
75 873
255 401
728 619
924 921
791 968
333 679
139 953
280 244
98 935
458 273
320 592
393 609
339 13
586 939
769 34
772 490
518 498
407 344
240 607
974 231
5 639
307 269
408 679
773 327
61 165
185 269
843 279
701 157
249 33
255 475
99 636
670 444
415 341
93 458
352 414
532 491
33 356
743 295
557 903
978 486
531 892
970 173
552 303
696 880
173 213
518 80
919 931
81 340
968 694
140 811
917 287
591 570
834 714
60 315
832 287
67 953
48 758
994 486
299 547
985 974
550 818
693 471
605 196
509 268
551 403
346 705
121 301
958 958
913 11
641 741
55 112
137 448
838 368
521 391
10 893
611 157
28 989
287 862
756 906
141 88
491 398
370 550
331 10
825 390
511 33
107 637
601 823
626 738
722 21
100 112
392 934
941 982
195 248
331 641
946 104
469 358
271 894
65 320
790 551
514 367
920 403
333 405
384 113
158 311
490 8
733 330
757 5
742 508
888 985
81 700
238 858
129 3
855 599
640 118
572 668
160 527
309 393
421 872
715 577
983 861
259 738
134 473
295 420
705 559
117 63
581 943
838 867
701 493
879 247
948 945
868 565
176 757
565 170
578 583
733 429
36 64
79 698
813 169
420 808
89 914
561 833
905 423
475 971
484 78
465 65
847 267
365 880
184 574
369 511
83 5
171 62
274 137
898 73
962 842
630 28
82 864
570 940
738 311
434 90
374 797
593 205
704 703
570 772
265 651
628 81
692 354
173 700
875 424
291 380
841 548
848 374
521 675
76 206
246 108
510 506
53 843
279 606
88 227
320 169
365 237
714 937
669 541
860 801
213 90
35 419
892 958
155 532
798 845
251 330
898 483
481 397
175 973
92 311
876 860
3 727
209 327
105 467
589 618
155 637
308 560
656 224
371 580
61 575
390 579
988 673
317 583
237 287
494 125
546 256
686 864
515 538
144 628
642 418
834 2
126 639
787 477
564 986
691 785
600 972
93 980
652 426
164 548
386 80
793 51
526 788
987 683
185 843
467 900
738 526
264 706
192 371
103 394
5 316
967 696
553 830
801 293
791 536
493 93
69 453
84 181
368 122
571 590
848 925
931 408
372 550
515 662
759 392
917 633
814 756
513 346
38 845
302 928
423 270
185 555
467 167
706 442
798 157
275 193
55 54
836 428
756 628
986 438
14 7
460 568
883 190
577 112
827 650
249 428
300 202
595 890
827 18
908 198
77 323
373 574
162 796
118 449
33 345
793 450
346 651
370 228
294 299
190 779
99 573
217 653
83 397
775 377
877 461
899 669
807 46
790 721
525 533
834 921
153 629
92 775
278 153
197 911
348 454
768 214
533 808
208 372
790 115
487 269
417 864
815 526
909 716
281 931
484 947
868 833
511 842
471 385
167 366
791 410
189 153
488 462
751 504
766 446
754 404
437 539
222 33
308 81
185 27
996 705
239 558
467 79
73 103
30 636
330 923
301 72
873 655
987 417
159 278
158 407
813 610
502 691
797 396
730 651
220 96
332 492
224 438
332 517
642 264
23 824
89 567
494 41
353 984
174 408
500 478
794 487
405 186
641 386
133 875
981 773
724 158
405 389
938 722
990 100
566 658
575 516
49 712
864 764
361 198
35 318
724 224
490 886
885 229
269 728
418 108
264 606
80 642
426 868
197 749
89 181
788 930
408 24
152 395
138 816
648 824
46 621
320 150
282 706
192 227
523 161
593 911
403 969
355 330
123 219
430 516
311 80
295 62
786 324
20 878
495 366
441 268
877 642
712 598
93 242
946 768
957 966
568 473
222 696
162 875
703 925
90 612
534 759
544 118
955 454
560 633
982 448
480 495
327 932
321 890
57 248
925 354
235 396
70 983
601 669
476 510
971 170
877 341
302 390
839 542
316 370
695 353
217 457
304 764
335 588
110 18
886 766
720 424
57 616
567 809
601 696
32 630
181 947
347 312
831 282
909 429
433 293
658 148
488 507
72 405
319 279
475 166
480 256
88 701
72 373
681 896
513 399
605 709
421 71
516 944
508 408
585 668
232 180
66 58
654 513
123 876
363 84
562 122
918 677
30 496
704 424
324 709
935 730
790 835
845 833
430 841
259 442
550 239
557 474
236 565
901 781
436 933
626 279
70 742
427 295
729 814
237 733
249 12
961 186
442 578
193 823
1 64
185 239
913 73
110 219
205 102
501 344
289 460
847 565
286 761
357 207
511 119
742 922
526 303
562 973
910 10
635 842
709 244
530 887
272 371
817 960
131 957
305 317
790 592
97 839
998 670
122 427
737 824
439 905
676 838
913 478
438 146
949 553
422 826
940 72
556 294
489 968
900 203
133 125
192 335
296 199
421 287
993 688
289 147
472 870
440 378
404 399
707 634
175 853
39 625
19 685
301 579
29 377
351 726
443 812
64 452
274 364
766 45
780 431
328 551
633 102
96 577
872 61
585 125
257 705
173 900
997 73
888 573
137 214
723 552
186 799
87 741
65 743
865 664
697 60
949 159
309 447
209 477
874 694
396 799
723 241
348 420
12 593
735 970
491 983
189 890
583 5
294 677
977 224
796 768
606 255
513 938
491 491
217 575
650 723
614 611
256 404
786 546
68 117
5 480
853 684
382 615
641 251
409 201
463 411
463 359
644 505
167 214
244 753
366 263
475 21
36 479
454 456
247 365
219 65
59 89
653 925
442 89
901 68
171 597
230 168
938 515
941 862
292 648
491 948
374 202
698 416
262 605
634 851
808 559
135 632
832 156
318 103
214 24
507 917
688 610
398 432
22 900
534 689
151 465
313 356
668 549
448 673
829 215
725 453
654 384
129 498
232 36
840 798
44 154
960 926
860 914
302 612
399 59
803 449
531 703
909 330
788 699
674 296
353 679
938 613
851 617
751 473
228 132
417 561
729 963
762 95
929 86
310 443
778 912
722 568
507 941
994 49
37 454
196 798
178 809
162 18
622 583
587 380
961 750
868 209
247 796
289 100
165 632
729 692
370 369
900 373
155 944
215 227
169 435
577 885
524 296
702 125
618 887
452 288
56 32
636 519
328 855
734 758
547 246
255 761
438 194
116 190
660 954
970 766
929 210
228 35
418 476
770 75
339 474
921 543
394 418
931 287
781 11
292 681
450 671
442 612
862 65
758 993
893 130
498 977
622 919
363 388
894 819
489 319
576 846
970 410
906 741
44 259
473 860
355 224
51 832
315 119
955 603
907 923
808 642
922 124
3 274
137 988
747 853
931 358
515 810
3 362
360 108
882 947
441 148
43 472
443 406
56 412
43 879
0 706
244 612
898 780
4 287
908 811
323 551
14 903
443 735
854 200
74 207
405 740
517 752
784 766
288 798
975 371
219 678
868 617
650 338
12 958
806 848
336 496
494 584
373 283
0 251
294 523
951 696
419 514
381 355
269 692
767 182
809 513
886 209
738 758
858 407
786 139
478 965
894 422
426 558
814 777
247 965
92 550
521 712
115 127
928 564
685 767
390 81
607 118
987 577
511 809
826 107
14 220
52 812
71 346
904 908
279 800
355 844
906 94
378 357
631 187
307 929
409 495
631 692
530 863
288 357
600 477
826 444
458 820
157 903
774 700
480 726
443 780
835 719
224 168
378 369
463 364
736 481
177 941
772 709
517 463
889 556
278 639
943 781
806 806
966 196
578 910
493 988
112 357
785 340
900 134
847 298
900 356
839 482
380 114
424 418
129 896
322 856
32 538
208 213
738 490
710 917
574 303
928 822
187 928
732 5
157 718
367 890
533 565
123 119
734 785
791 694
34 245
746 511
320 685
407 453
14 121
97 421
332 885
765 659
177 703
569 981
711 527
113 154
168 511
156 27
388 725
570 624
195 359
487 668
804 312
660 256
953 23
763 920
360 595
847 618
80 255
225 0
314 723
633 666
243 867
740 495
744 116
207 208
833 1
83 892
893 791
47 461
612 611
569 141
964 178
535 763
535 480
179 99
914 913
992 829
689 206
699 445
5 609
913 110
582 178
618 796
700 818
387 96
189 321
798 942
98 22
552 319
940 746
242 176
161 539
941 806
420 610
642 584
459 266
762 617
426 121
853 329
494 28
894 997
180 83
241 589
179 911
130 309
867 498
316 694
427 943
782 864
482 844
52 100
812 624
924 583
14 48
231 812
210 563
629 630
434 521
725 394
773 192
78 695
307 143
750 449
167 822
564 643
18 698
982 104
24 250
787 334
305 575
410 911
817 765
106 86
692 821
67 64
619 840
302 246
920 311
239 116
957 52
732 254
980 898
400 522
450 739
536 886
703 427
94 612
230 155
171 853
663 595
418 935
861 977
92 856
576 808
836 38
818 499
604 16
656 16
489 137
471 332
207 371
470 557
81 808
908 717
217 219
83 758
202 517
273 950
397 773
172 845
950 330
930 749
503 754
983 329
844 769
951 252
747 913
683 972
539 177
153 318
451 861
712 356
989 418
628 888
121 325
914 971
588 415
715 747
201 512
265 4
131 737
639 75
102 867
741 790
922 262
434 707
533 489
551 561
479 392
19 286
684 231
331 231
391 832
8 738
477 568
530 521
137 262
179 992
390 758
923 282
918 924
452 771
701 786
53 850
122 554
935 828
545 839
373 680
27 550
714 851
837 963
995 198
854 238
877 658
301 386
620 476
191 21
44 947
217 779
64 376
690 745
713 142
587 133
850 355
725 607
171 469
564 269
940 495
721 141
731 249
781 391
836 26
808 530
27 977
788 198
708 374
434 469
554 416
960 641
872 23
815 148
183 693
879 104
838 925
615 650
303 669
964 612
617 470
749 636
244 913
369 947
394 727
667 867
454 800
377 958
7 544
1 216
683 297
759 371
148 299
841 996
671 573
437 20
939 725
695 496
35 404
973 188
127 171
358 546
953 354
260 916
70 523
971 226
423 743
544 31
156 36
81 466
349 908
195 676
508 648
672 92
396 662
552 894
963 561
731 912
74 406
790 51
631 494
33 481
364 700
559 296
205 190
590 324
262 574
960 208
613 428
260 896
859 789
675 857
259 189
783 947
637 973
644 964
991 644
953 682
425 330
302 618
737 410
227 758
637 37
560 454
327 753
856 621
770 355
528 163
448 159
947 375
308 67
287 816
468 412
974 869
363 870
472 979
103 615
79 413
191 634
99 740
116 678
153 498
813 753
692 501
842 95
272 516
869 208
833 331
52 336
532 869
164 97
61 675
197 748
708 847
289 158
36 777
763 320
176 171
247 687
775 531
456 179
950 99
341 513
753 504
599 892
389 366
589 532
175 400
664 438
13 89
643 367
43 976
457 61
844 443
334 772
320 705
392 78
496 958
53 762
978 460
777 605
778 449
493 857
874 980
525 225
637 369
790 995
966 288
316 126
682 953
724 458
879 523
427 579
430 822
838 551
6 845
377 568
293 586
657 255
525 638
968 917
345 643
820 685
948 275
650 761
733 948
250 872
894 888
945 689
191 581
70 621
67 23
73 859
310 218
220 581
567 300
743 643
40 345
31 566
178 762
166 734
485 250
43 41
591 20
340 807
219 317
709 485
430 207
619 408
719 340
392 72
723 464
750 803
532 310
571 147
891 315
402 904
225 200
456 820
942 591
662 176
625 503
475 560
549 94
289 616
32 793
775 347
28 500
671 352
977 815
628 254
226 334
607 846
807 181
546 884
209 775
506 588
636 768
885 169
516 477
82 845
258 466
549 169
568 534
632 575
440 322
71 350
340 159
628 180
71 171
601 790
316 521
885 159
734 59
318 971
509 128
449 256
206 364
283 459
799 866
937 360
519 843
527 529
648 725
693 511
477 689
581 530
971 685
461 642
770 730
254 274
437 423
677 471
568 47
809 296
908 558
469 795
352 140
730 376
216 522
276 805
233 979
15 441
301 140
580 342
985 863
340 265
471 760
647 261
787 635
92 386
947 201
902 367
116 520
886 873
623 345
42 825
716 988
889 669
727 725
578 312
657 8
703 261
593 86
278 637
333 686
748 676
73 40
884 145
300 817
783 238
68 564
726 213
713 216
727 441
429 502
992 314
486 865
136 926
991 199
676 9
194 129
822 473
620 236
523 504
510 139
518 205
580 809
31 866
739 610
666 617
937 611
330 204
706 17
672 431
519 979
567 104
291 306
254 100
85 599
391 645
386 200
88 333
455 772
317 156
83 728
318 816
248 138
234 670
756 561
847 685
823 82
840 532
482 37
176 474
452 877
607 484
190 730
522 531
64 510
778 618
882 344
826 63
20 123
866 4
49 642
854 147
288 84
355 927
791 21
819 509
198 851
657 290
740 904
628 29
336 645
897 166
606 560
493 87
640 689
409 812
970 734
31 912
660 873
45 665
20 814
30 576
423 915
424 809
80 870
416 753
719 808
659 483
285 756
337 133
38 775
895 875
961 28
109 699
804 666
46 379
572 684
627 990
999 776
942 747
955 884
917 921
625 33
336 990
650 718
680 243
374 820
846 14
534 893
261 244
920 553
66 33
31 716
409 254
417 246
882 186
533 186
373 933
942 34
20 376
995 542
227 285
173 939
610 7
80 756
211 814
869 285
464 9
188 933
114 698
284 788
955 484
237 286
822 954
443 738
22 337
310 775
497 355
832 567
477 893
725 292
190 961
322 905
745 337
68 42
343 67
2 102
323 278
109 950
509 723
95 842
850 818
922 123
414 594
880 848
41 19
926 539
974 719
186 217
855 460
988 186
997 517
992 669
607 78
822 808
323 118
35 349
238 123
671 100
215 579
661 42
16 574
900 946
348 650
359 992
363 506
656 616
857 704
447 356
904 160
135 592
610 750
744 243
895 329
57 607
492 258
250 965
201 353
588 922
131 513
833 170
233 142
442 552
294 557
838 630
978 568
71 366
662 420
256 338
772 697
485 320
653 821
29 667
775 529
233 176
36 336
18 419
510 690
125 182
952 980
640 345
363 628
359 618
211 342
976 4
221 758
570 887
143 627
401 801
134 871
411 637
925 417
816 51
545 656
491 738
175 188
354 51
618 867
460 778
990 429
681 327
634 884
366 509
373 693
763 541
580 887
896 465
715 940
23 895
358 160
458 742
845 469
113 319
346 146
125 247
905 737
980 168
340 868
444 835
759 102
558 115
398 314
347 67
713 105
833 26
852 416
190 434
299 883
621 760
521 76
253 933
494 574
254 104
602 263
571 956
142 728
227 182
255 495
828 20
169 670
55 994
479 491
109 867
585 747
283 701
575 125
530 356
221 323
245 190
990 963
828 406
156 424
850 936
411 562
720 980
81 578
490 729
924 751
934 342
278 796
543 562
507 491
859 724
981 569
283 78
573 989
642 544
325 397
538 200
866 830
44 494
781 707
966 260
574 144
650 295
367 38
480 318
845 929
555 787
803 551
782 196
985 788
68 546
100 727
616 637
331 51
184 146
657 101
335 257
675 759
414 11
104 445
181 188
48 68
934 497
563 830
141 579
295 924
406 778
658 204
322 308
613 411
510 842
255 417
635 658
907 972
438 687
101 3
636 720
875 198
928 921
957 128
519 397
368 465
747 194
775 356
774 320
788 95
598 106
956 553
292 62
287 320
743 841
951 837
188 535
194 809
177 307
81 543
201 392
838 2
77 337
190 198
717 601
399 394
915 849
109 217
454 923
691 813
776 211
105 249
583 933
876 724
408 456
450 275
6 688
947 657
446 159
436 82
387 795
952 901
345 840
954 723
314 713
451 387
860 195
457 605
957 937
605 242
345 915
631 493
824 659
534 946
637 6
773 956
461 640
169 131
664 535
601 341
329 229
597 847
213 634
874 354
448 600
606 313
646 176
683 241
343 399
771 165
915 802
995 775
617 237
148 472
582 201
364 663
930 846
955 636
397 113
296 596
633 45
657 467
53 39
601 779
411 325
247 496
23 382
537 66
919 606
964 488
338 366
571 217
257 905
182 272
165 46
281 760
506 442
961 398
820 12
170 672
122 362
173 362
534 969
534 909
414 950
451 407
850 557
235 307
971 688
516 185
130 479
72 699
902 616
585 153
841 94
962 469
827 953
465 519
705 973
781 803
549 556
369 250
203 806
589 553
712 912
893 196
654 896
440 556
276 654
337 715
359 637
433 152
150 34
582 436
579 851
998 597
499 526
485 947
717 132
843 164
12 823
931 723
579 520
659 972
858 228
28 590
410 904
1 992
776 268
466 28
946 485
595 157
729 303
294 855
103 793
722 90
891 652
739 519
171 271
70 297
612 273
148 987
594 50
331 951
122 609
59 156
44 207
762 930
368 463
968 57
440 89
544 899
49 839
523 624
836 632
749 298
592 636
207 318
766 445
468 612
880 845
782 853
625 670
184 966
36 301
618 340
655 790
533 405
320 449
600 818
827 783
904 723
954 994
449 653
977 831
509 623
13 772
841 720
809 406
972 696
819 478
860 643
977 802
515 936
542 514
289 2
688 351
425 125
484 756
276 451
525 156
691 262
94 469
453 618
684 497
123 372
37 963
697 658
86 937
918 271
940 307
154 200
116 845
804 116
464 27
357 365
674 939
346 191
720 405
280 200
119 576
253 353
584 557
17 40
234 663
920 131
878 315
701 79
690 843
62 614
262 894
286 317
471 182
405 860
788 502
5 529
169 48
693 951
408 515
295 801
19 725
529 985
461 545
245 993
632 836
443 242
324 404
51 441
450 93
93 610
959 433
16 997
162 543
769 18
229 342
192 329
643 742
827 831
804 355
860 858
309 299
240 964
586 762
815 327
965 998
379 229
352 749
270 804
181 533
963 764
83 616
264 402
208 387
76 959
433 691
335 912
340 198
80 202
53 891
319 718
833 770
361 79
836 339
852 761
687 543
803 492
450 217
529 783
293 347
14 604
643 389
572 222
487 555
462 888
718 585
748 840
38 909
739 556
136 695
141 255
161 208
759 656
208 746
94 810
947 848
756 36
482 555
25 67
389 740
327 826
9 0
771 94
963 879
679 842
325 561
347 582
557 987
546 903
719 344
497 45
777 422
305 204
17 907
131 640
436 4
812 448
493 292
701 188
36 677
464 463
56 172
398 259
238 769
782 123
36 805
500 805
780 272
128 415
334 200
131 993
2 692
248 579
910 176
538 104
893 409
460 447
373 355
733 220
501 965
966 407
331 222
730 67
213 162
481 204
740 88
226 276
466 67
656 151
271 789
105 765
391 329
856 15
160 664
732 805
71 912
628 606
932 35
916 742
460 887
75 360
678 602
242 573
940 153
723 708
742 818
37 375
839 747
341 301
217 535
19 662
383 770
164 683
678 860
798 840
214 154
733 810
163 284
793 315
137 315
565 907
486 186
740 387
835 426
18 916
640 348
546 725
346 932
513 72
294 49
687 933
89 961
212 105
323 258
686 677
180 712
630 536
644 217
126 376
245 233
283 692
198 973
310 792
419 600
332 139
133 759
58 208
845 685
318 533
1 297
101 585
746 329
476 283
286 996
733 880
58 259
495 792
261 604
13 243
208 667
678 611
809 881
772 35
245 422
611 651
900 880
656 54
46 167
761 960
639 46
135 795
656 28
779 851
884 413
433 250
305 818
435 992
401 881
475 336
409 743
225 928
861 97
622 736
84 320
742 56
585 707
636 355
58 448
454 692
169 265
465 216
647 343
350 99
991 3
23 229
674 249
93 761
448 977
698 587
65 9
475 767
173 826
696 948
4 442
726 202
789 271
486 585
962 780
613 536
423 322
406 253
865 272
523 344
15 295
164 806
561 613
82 180
142 162
613 264
965 684
741 90
609 37
521 96
973 288
408 393
628 519
985 248
543 273
394 969
136 279
771 720
432 566
868 612
918 510
410 764
954 584
75 428
771 585
794 293
691 880
10 365
661 756
341 624
369 367
327 453
862 598
587 704
529 911
637 210
867 167
80 691
92 108
961 939
745 142
543 214
813 137
375 878
80 819
636 432
324 984
820 381
562 418
271 880
334 445
719 596
853 667
188 429
352 341
830 767
781 49
297 433
693 215
560 341
972 835
88 449
710 302
721 617
613 856
902 433
124 848
145 249
418 78
62 246
286 400
369 522
312 19
941 870
923 434
461 764
456 359
182 856
662 327
457 570
616 988
144 621
854 989
962 482
860 904
528 647
86 196
470 457
92 498
82 252
612 560
677 545
383 856
392 54
633 625
771 430
727 743
375 381
377 316
484 604
801 474
662 169
578 430
516 379
831 73
208 685
842 367
931 846
39 410
532 416
575 607
140 192
401 139
548 927
768 251
498 801
642 674
514 900
449 466
756 520
996 286
929 136
782 395
682 835
733 806
910 304
216 814
645 513
549 785
595 968
372 756
946 52
691 14
336 946
215 971
69 970
700 709
589 497
229 581
512 833
932 469
731 631
31 303
116 629
755 560
996 696
23 29
556 217
398 219
412 466
566 265
168 206
800 134
30 621
869 717
867 638
461 263
138 319
431 254
996 37
462 759
319 677
929 794
378 953
469 545
647 816
880 604
329 787
435 556
105 26
878 346
234 773
342 226
41 362
256 108
706 652
967 471
290 342
112 113
859 628
464 602
377 980
457 982
187 411
492 255
478 538
61 806
12 398
216 843
937 194
750 475
175 972
817 7
922 116
869 475
968 572
518 230
86 496
114 563
661 58
898 592
361 426
715 457
668 600
669 690
466 330
633 410
288 88
894 383
682 239
695 890
776 520
648 906
568 658
258 812
273 635
474 462
138 849
255 368
575 997
107 457
902 709
150 645
170 72
430 504
931 616
946 69
586 382
420 598
1 2
634 444
798 538
451 364
328 595
58 938
538 427
661 478
574 818
613 471
764 942
28 256
850 774
217 606
674 342
209 421
601 285
563 422
968 98
899 372
135 181
979 775
743 536
334 492
865 109
362 833
538 677
482 715
473 727
123 775
76 522
636 616
496 395
209 250
911 605
608 876
989 916
926 514
983 991
218 365
261 406
663 722
642 566
526 335
848 509
873 375
811 916
703 595
830 978
595 288
733 183
669 697
785 356
499 851
563 129
922 337
737 897
45 138
396 270
401 684
278 977
911 192
753 939
802 689
219 403
191 304
530 256
25 780
815 674
947 306
760 671
517 188
34 487
192 90
250 451
742 906
739 993
591 950
291 637
934 12
335 215
241 77
286 28
907 574
350 932
148 692
705 510
201 881
73 273
334 971
699 915
494 237
978 669
418 950
453 132
702 294
211 602
759 695
398 723
298 396
953 509
441 375
888 132
993 925
864 169
957 213
553 464
404 533
797 391
703 467
382 445
597 333
686 992
526 682
680 279
300 718
619 470
393 899
111 130
291 865
874 390
12 911
151 412
137 761
711 252
929 900
648 610
755 769
966 417
832 944
349 961
29 973
851 804
839 805
861 481
350 536
637 665
52 450
580 925
908 803
910 473
861 373
349 64
358 640
304 181
680 599
560 988
92 392
504 970
932 975
495 662
874 440
772 514
36 779
789 552
940 522
788 588
858 341
673 490
777 226
676 166
235 930
226 416
776 512
968 112
881 982
532 199
779 760
517 269
19 404
116 126
739 581
799 23
556 683
255 175
266 313
488 966
286 397
881 271
907 716
702 483
151 263
612 102
168 395
71 330
35 764
398 909
761 782
224 821
467 275
25 769
145 675
1 121
409 970
55 663
760 355
975 234
345 674
684 408
413 392
807 342
619 596
670 947
299 170
355 112
669 677
766 409
218 943
458 68
577 918
581 779
309 448
555 668
332 601
68 844
906 99
552 980
430 708
757 198
273 595
300 60
275 135
843 873
434 303
920 994
570 641
799 16
928 579
918 57
148 613
583 941
730 396
263 107
639 158
715 373
70 821
885 372
796 158
513 159
532 349
863 911
847 578
362 609
834 846
832 689
176 333
961 608
584 916
526 1
506 938
260 128
785 637
725 221
851 486
504 893
33 122
230 695
209 896
706 857
100 250
647 108
283 932
933 812
400 212
317 267
963 577
483 796
447 144
246 456
13 848
631 688
658 185
950 268
107 976
689 875
409 973
667 578
366 459
211 974
764 937
8 36
462 517
406 581
85 623
871 596
590 731
428 588
64 304
216 700
428 315
263 264
846 86
80 478
152 147
294 342
307 611
269 70
388 208
271 589
16 453
456 764
347 19
386 828
75 637
754 841
273 932
575 493
598 375
629 218
610 473
207 485
518 940
260 526
208 114
392 183
494 444
939 124
808 490
134 57
642 399
581 135
507 9
278 191
303 493
364 472
821 87
238 390
960 985
839 937
428 260
732 541
510 462
459 766
705 926
667 888
68 263
365 122
894 932
457 863
779 699
671 525
602 240
29 11
170 554
807 410
214 825
780 219
155 680
771 624
690 425
727 77
954 888
397 311
679 475
935 923
665 617
590 614
779 126
818 480
323 949
322 764
904 505
650 651
593 42
130 362
3 710
485 741
290 354
759 212
611 452
458 314
468 306
480 970
729 511
70 73
243 888
366 820
903 721
494 118
608 736
734 25
871 832
778 600
751 296
28 604
893 424
158 250
652 578
253 325
469 406
869 880
308 677
231 291
234 250
930 198
888 602
461 659
171 917
973 911
908 59
696 444
707 97
70 955
139 188
542 670
341 694
109 353
595 11
514 265
715 351
515 390
158 848
333 801
206 622
584 471
839 191
306 180
232 643
214 295
653 721
608 819
955 298
374 898
982 314
709 889
492 539
855 222
657 367
233 793
893 500
911 981
39 91
107 676
703 671
792 489
196 952
681 230
837 252
948 875
604 173
54 337
115 593
817 84
254 177
215 582
169 152
283 760
319 538
362 191
631 609
839 257
125 236
536 146
294 741
596 861
274 495
1 616
663 65
478 614
834 991
110 592
85 883
545 39
204 936
422 372
19 982
366 445
16 88
378 848
45 56
747 893
965 828
72 479
593 961
921 969
719 517
358 581
2 922
176 562
615 79
434 829
541 743
462 94
669 480
623 654
549 426
839 923
659 809
57 507
575 929
16 766
689 334
409 453
333 582
876 119
389 873
911 299
668 990
535 120
303 731
870 32
50 441
405 164
105 630
222 723
926 125
591 204
275 276
824 138
116 119
935 528
139 131
689 762
934 838
870 341
956 52
26 500
879 784
909 954
105 43
406 40
631 244
535 984
608 396
954 452
903 121
968 789
250 486
522 689
892 334
50 523
970 742
541 627
82 510
394 355
70 874
0 867
611 360
614 632
622 743
403 731
584 574
366 419
753 343
191 0
950 962
743 843
333 534
374 197
828 674
610 784
352 228
302 437
684 742
341 920
892 734
489 337
50 114
175 705
167 504
400 81
853 67
718 738
26 726
467 294
675 59
755 316
3 973
681 823
216 584
927 809
395 965
931 461
273 753
254 715
406 295
803 167
630 228
74 14
958 742
497 305
66 46
678 159
332 44
65 722
822 562
634 742
796 275
701 903
912 512
677 510
711 474
925 544
159 615
940 788
94 709
345 418
638 805
628 420
128 406
497 314
813 772
408 886
249 789
224 198
29 763
806 168
891 522
668 984
983 515
628 763
444 977
496 10
524 716
535 511
910 822
403 265
695 923
445 368
542 716
167 30
139 308
803 948
432 109
729 662
135 169
773 621
556 519
935 339
500 418
882 876
739 655
558 242
863 919
964 932
395 765
587 235
663 165
191 831
315 477
441 59
981 758
288 438
195 187
278 982
325 126
764 398
791 450
39 96
128 852
89 11
416 706
679 56
565 356
380 480
403 319
97 318
670 87
705 504
115 273
798 187
750 503
107 428
245 914
76 280
338 301
404 879
403 840
107 70
249 242
88 863
150 272
376 845
44 101
958 662
743 874
449 665
539 463
470 864
750 58
78 281
800 516
912 940
673 734
371 101
199 36
879 838
220 825
648 18
451 282
68 803
228 219
438 352
813 618
363 592
162 86
993 155
345 302
26 18
174 264
830 668
643 843
392 321
139 404
839 501
594 717
412 263
917 460
863 247
807 728
932 501
880 116
174 262
217 555
255 244
872 447
359 229
314 307
626 716
806 328
412 668
728 799
16 193
232 653
695 105
988 68
156 172
29 61
389 571
947 983
995 482
913 899
329 244
542 643
633 682
716 719
349 71
288 693
958 577
484 109
691 371
248 805
537 105
338 269
256 775
612 175
206 962
984 501
546 403
961 727
782 157
544 317
635 63
457 382
722 522
428 738
155 973
152 376
473 181
850 802
170 815
620 36
724 434
52 399
873 593
432 756
467 792
955 876
263 296
151 2
14 658
743 622
808 708
999 604
454 485
853 484
337 730
195 20
811 689
580 396
978 357
862 104
113 123
234 391
338 201
205 58
595 249
179 399
81 649
805 643
627 506
105 627
480 920
264 939
70 596
990 636
891 340
836 106
569 82
986 666
393 684
697 754
378 623
246 409
831 327
170 736
497 373
258 131
529 948
179 998
937 756
353 52
458 354
478 202
681 202
693 429
276 408
521 235
869 310
120 555
584 796
351 378
316 134
345 283
976 823
742 784
679 434
201 432
932 995
858 539
176 575
335 657
151 674
209 97
472 658
799 289
173 841
787 957
527 565
351 167
299 46
981 808
832 250
743 934
975 203
385 300
418 195
387 63
187 939
890 615
726 818
140 886
8 644
732 905
159 51
282 656
593 659
470 332
953 511
169 549
647 269
181 430
626 968
395 154
360 319
596 217
147 763
277 512
865 725
529 517
356 871
480 422
812 952
450 169
431 17
125 708
697 291
827 220
932 860
914 374
810 153
125 751
477 975
868 688
962 707
109 397
808 664
650 661
356 637
535 798
550 665
591 319
851 221
936 956
202 815
387 400
801 210
76 913
12 733
137 300
242 281
66 805
552 633
374 484
447 596
649 702
148 626
504 758
836 231
45 440
687 45
105 100
608 45
434 157
512 291
116 35
555 631
731 224
729 940
175 768
437 686
60 773
288 671
904 718
115 435
737 900
138 894
889 64
41 316
269 286
699 214
827 302
291 329
289 11
289 219
216 66
747 251
29 154
126 909
527 417
614 39
567 962
939 252
196 241
200 314
865 392
629 636
327 390
66 57
274 589
39 926
805 966
646 962
547 80
769 553
823 884
292 393
645 811
106 808
88 295
49 313
674 148
657 74
245 596
479 269
18 859
638 338
822 250
468 933
406 327
208 102
133 502
442 223
209 858
344 508
854 998
560 336
930 334
100 668
373 46
636 277
140 969
63 583
49 333
722 561
687 596
661 787
209 22
490 355
856 845
357 915
770 54
133 179
255 426
792 906
225 679
471 754
196 439
266 534
711 659
15 765
128 101
734 992
386 234
896 896
697 214
156 304
80 270
640 872
755 703
305 488
686 287
767 547
88 299
557 43
78 822
987 3
443 926
398 286
954 937
892 965
485 795
493 716
372 433
933 290
307 28
368 425
396 603
942 294
524 914
592 259
73 457
713 757
13 881
25 47
910 93
329 503
466 321
974 669
95 240
81 144
573 205
879 10
169 253
478 425
245 740
115 518
498 92
654 932
398 783
805 290
977 472
785 15
153 266
539 474
173 483
373 134
753 432
796 679
160 496
562 169
61 576
47 595
422 529
269 499
500 160
896 140
352 503
483 543
51 799
790 165
710 731
480 86
773 616
148 153
719 672
896 191
672 581
749 941
424 557
799 244
377 342
931 119
538 285
32 27
688 182
732 104
942 43
596 774
894 406
648 651
51 802
497 114
885 675
682 721
251 844
364 161
954 736
79 169
532 223
289 623
477 802
21 180
399 662
946 684
903 702
754 601
501 890
928 834
347 808
494 436
299 531
382 720
213 763
524 700
797 104
368 206
660 808
532 919
441 606
213 20
831 682
394 326
46 768
581 605
742 725
388 606
147 421
910 432
605 432
507 823
969 124
240 122
