100
12 137 616 267 253 472 508 672 996 69 478 396 23 
44 418 830 592 667 229 627 242 939 32 790 811 56 108 856 626 906 512 94 570 338 834 518 11 260 809 172 248 67 890 34 981 562 14 256 591 32 64 908 748 452 164 187 315 58 
3 539 647 830 
41 488 268 231 519 862 954 762 650 877 626 989 57 614 49 132 188 720 361 823 840 939 129 364 165 621 230 167 64 206 984 203 626 530 482 607 68 106 628 945 331 752 
23 258 146 778 163 840 912 941 471 639 910 270 271 123 937 361 685 544 977 934 229 5 976 4 
18 799 200 430 468 854 636 263 787 964 431 654 53 231 978 424 748 790 888 
24 516 971 984 354 134 193 471 342 162 471 249 381 441 291 813 772 622 773 795 775 370 971 381 640 
19 510 942 113 899 466 845 373 790 402 680 59 169 992 295 927 60 201 310 727 
2 283 750 
34 523 49 185 300 329 533 59 260 488 740 511 609 840 38 909 47 866 814 375 587 114 108 5 304 341 413 407 738 480 319 749 516 300 79 
20 593 282 222 467 892 950 642 704 367 139 884 300 138 688 299 347 106 147 1 516 
50 792 346 733 670 562 188 474 131 747 946 693 803 961 720 970 437 251 710 386 257 189 730 111 752 137 272 980 430 528 418 44 375 562 142 545 48 88 164 850 855 255 200 442 253 672 320 963 313 439 974 
40 880 855 896 393 969 972 795 415 581 144 881 799 660 825 91 83 6 781 612 293 665 159 664 40 538 680 847 99 970 449 135 20 179 973 705 567 916 636 467 826 
49 486 919 906 444 438 362 557 528 83 949 90 680 877 595 821 401 595 516 935 440 529 284 199 56 572 255 392 792 502 246 528 344 330 337 296 500 244 825 183 122 199 624 142 210 446 370 751 61 742 
22 230 837 497 547 261 726 60 953 309 754 800 336 966 633 244 477 908 994 336 3 443 877 
4 667 779 335 135 
49 727 646 124 316 432 832 29 170 527 766 717 56 206 992 676 433 709 894 204 988 486 803 61 491 286 42 983 996 327 753 866 815 479 748 63 75 261 876 959 166 615 332 59 110 135 534 205 212 226 
40 702 208 16 167 794 127 831 610 604 439 466 918 835 480 652 577 205 525 983 815 269 228 10 578 863 336 420 312 290 523 760 822 363 138 811 600 338 365 803 142 
39 311 572 8 443 93 557 29 688 637 366 365 787 567 204 893 912 311 793 244 630 857 459 180 137 305 626 777 178 521 903 279 348 778 595 226 717 808 215 623 
31 905 242 846 386 121 330 611 978 150 659 862 267 748 814 161 258 968 381 634 604 140 753 239 301 796 171 762 774 19 534 639 
22 885 139 151 38 695 36 545 539 413 859 441 54 773 590 509 19 87 314 807 795 19 156 
45 497 946 86 272 614 384 288 603 271 999 706 248 634 990 138 867 648 652 289 595 998 542 585 32 268 259 427 692 72 118 234 409 807 669 606 872 838 803 374 897 30 514 707 281 786 
38 728 439 878 746 210 978 263 251 771 457 357 542 679 657 649 610 988 478 656 553 737 560 507 774 201 928 564 410 785 285 24 191 544 11 936 778 347 759 
47 908 435 449 877 359 292 231 436 205 625 816 981 829 991 436 992 334 347 601 423 214 420 621 179 663 610 304 563 759 412 931 715 247 137 81 593 343 174 674 784 355 436 681 419 970 857 843 
8 101 924 385 610 428 574 455 781 
11 951 543 273 66 546 182 182 853 717 596 484 
30 983 688 165 307 729 690 144 731 521 774 626 880 242 288 501 412 372 182 469 477 27 779 762 423 486 738 393 230 372 317 
43 80 336 753 899 664 83 342 657 500 908 753 767 722 829 193 540 445 706 54 51 116 310 122 637 893 833 533 672 640 704 750 82 544 946 478 722 685 554 473 655 354 340 111 
46 169 895 278 748 83 967 953 878 991 567 554 526 766 518 770 652 464 44 558 894 392 849 378 408 912 798 655 96 263 337 899 400 819 282 631 75 819 393 705 378 391 947 791 808 391 389 
14 789 68 2 485 335 318 1000 595 342 583 949 793 707 25 
30 70 833 811 97 927 757 339 367 732 602 741 167 819 126 148 64 265 303 451 649 952 324 553 486 360 288 797 822 665 769 
46 669 299 164 987 839 697 360 524 302 112 241 174 801 759 312 367 213 573 110 515 712 834 785 383 857 326 108 690 189 850 197 909 206 956 19 131 289 340 156 226 602 494 292 239 98 660 
29 727 618 534 212 127 129 555 864 722 972 192 403 334 225 839 70 868 954 699 421 151 122 892 394 742 816 917 22 852 
22 324 353 92 669 603 384 452 103 617 740 803 976 838 296 470 354 142 681 363 331 768 246 
6 584 696 683 442 534 78 
24 669 776 665 651 490 30 262 946 561 836 423 916 542 244 765 296 794 215 977 980 487 940 248 278 
48 16 498 573 766 953 915 512 459 443 320 569 780 590 591 43 614 211 810 166 751 84 594 494 768 127 17 402 93 250 598 716 56 282 940 495 197 986 382 585 861 595 491 441 28 481 51 863 749 
13 123 642 730 830 319 644 231 680 747 955 623 742 97 
10 962 820 988 25 336 108 543 364 617 251 
14 351 702 903 335 942 957 218 88 883 167 469 491 938 128 
46 525 824 280 993 247 976 483 402 603 523 279 373 453 123 94 571 460 785 802 425 261 636 714 711 53 147 211 979 586 673 874 266 285 960 48 43 809 976 274 747 901 746 239 715 407 46 
43 147 169 303 628 260 708 991 984 520 38 219 766 723 520 556 609 120 605 155 171 711 353 365 885 912 339 843 242 524 883 849 419 880 801 652 37 568 408 967 440 150 305 402 
27 509 886 915 785 851 858 741 682 714 863 930 680 566 584 131 121 573 629 569 511 595 670 329 577 333 26 951 
19 610 742 510 386 963 489 189 72 737 531 360 881 42 865 102 52 345 370 933 
36 643 466 675 867 406 99 357 700 51 238 528 179 92 412 621 260 472 370 549 232 575 633 737 792 81 981 25 440 192 629 887 65 495 597 153 383 
45 857 129 938 671 511 961 544 830 905 217 72 729 976 342 862 60 766 919 124 500 689 293 996 775 361 794 833 628 710 502 632 717 474 392 962 980 361 770 989 70 89 962 46 91 763 
6 66 455 918 213 150 59 
6 719 333 686 328 471 661 
37 219 768 598 402 58 89 448 995 57 804 12 864 979 54 500 113 834 370 571 971 756 988 429 460 456 279 9 353 58 970 956 778 656 385 189 476 664 
15 523 881 508 297 443 840 729 664 353 568 147 904 893 186 29 
39 241 379 240 871 719 194 944 5 968 900 690 208 938 928 434 63 732 844 186 506 183 968 205 591 483 814 350 767 342 302 897 932 181 246 412 770 431 1 729 
19 653 285 956 639 977 968 528 984 327 558 991 805 433 216 458 449 516 958 180 
31 658 1 615 744 599 247 979 232 717 79 661 20 314 462 113 221 80 159 379 65 218 615 749 399 648 824 808 864 439 818 105 
31 803 360 605 664 844 669 640 388 1000 874 852 43 202 844 404 530 892 533 71 519 425 265 877 531 144 618 973 476 185 585 159 
43 558 754 283 147 769 932 468 585 848 451 231 161 507 737 768 700 960 512 879 974 215 941 945 868 143 341 151 233 753 783 419 721 115 918 345 283 31 823 261 488 882 349 178 
38 1000 642 965 893 895 182 549 544 544 975 176 605 617 123 503 110 499 371 583 712 643 929 301 621 940 928 561 28 349 415 626 653 512 69 512 182 195 245 
30 5 292 27 912 97 437 969 767 119 7 622 486 597 845 71 481 645 288 324 929 239 534 741 994 541 42 123 299 385 903 
23 380 85 649 500 737 125 228 766 700 237 407 784 319 312 518 31 507 14 251 535 408 556 151 
47 817 651 6 431 875 43 660 674 592 427 352 285 677 252 522 683 291 840 761 699 266 608 186 691 691 612 637 378 819 973 195 79 255 337 239 92 89 856 779 727 340 704 105 369 583 928 985 
41 255 905 248 840 60 799 504 362 733 766 126 161 427 464 619 541 263 679 544 579 428 922 657 216 311 442 319 447 544 853 47 6 410 786 822 175 20 966 325 277 601 
4 458 282 304 894 
28 381 799 925 619 351 17 886 853 801 72 234 281 995 497 357 789 580 849 347 43 27 884 216 743 33 363 792 802 
28 403 387 738 919 665 889 486 770 27 188 304 617 894 492 263 556 628 581 181 799 822 2 13 646 598 405 812 916 
36 744 678 259 828 848 858 244 448 170 824 807 304 88 659 171 451 565 356 520 351 106 224 79 891 328 749 253 473 17 31 378 194 817 547 199 387 
18 46 132 444 778 149 275 883 539 99 419 75 424 228 132 367 737 482 952 
7 347 331 195 338 540 540 37 
26 143 728 436 326 406 689 756 287 998 846 207 875 558 591 970 739 118 934 604 571 719 55 347 422 404 976 
3 476 816 801 
45 350 243 237 836 823 888 197 573 37 309 675 50 248 337 552 60 495 156 610 915 51 672 322 902 556 497 425 165 372 988 615 705 933 297 661 500 762 717 359 958 530 634 643 226 688 
34 370 944 506 206 937 929 390 611 720 801 500 943 680 947 273 490 182 698 78 593 467 434 319 401 683 663 95 475 722 392 340 181 292 979 
24 844 551 134 738 34 773 441 210 910 220 86 562 547 997 807 486 974 883 230 807 497 958 695 946 
48 904 416 475 251 544 262 678 375 264 175 727 106 497 723 80 92 99 724 428 949 558 966 880 995 672 251 324 850 982 19 486 166 837 48 438 582 177 957 195 626 446 534 823 518 598 105 329 460 
37 266 391 530 716 759 338 342 888 485 123 664 354 581 450 449 592 354 265 381 424 33 934 184 525 403 956 449 913 349 148 357 951 488 994 826 728 419 
37 45 216 191 597 943 491 713 265 932 817 966 158 939 79 900 317 891 882 48 807 449 595 792 548 370 871 360 999 843 104 715 895 864 824 553 781 337 
39 352 918 870 734 598 59 20 616 417 132 128 154 96 632 599 787 263 229 725 732 485 922 589 406 382 254 428 876 32 932 105 707 4 492 153 583 602 289 430 
49 873 355 401 76 28 627 170 286 355 313 339 991 513 119 675 927 723 842 655 12 645 783 320 536 970 998 246 340 506 976 532 384 938 73 433 276 642 759 206 416 751 568 567 770 340 284 642 573 863 
13 928 320 747 886 331 322 104 573 103 302 971 589 435 
9 248 854 320 469 906 533 996 428 666 
43 724 232 407 18 576 114 891 540 777 795 438 603 735 926 654 157 873 567 343 267 413 960 659 759 491 357 421 774 658 647 252 576 155 834 439 561 57 845 71 427 921 803 609 
3 974 754 545 
12 985 691 616 506 925 419 152 207 874 448 497 335 
41 821 680 664 351 878 310 200 606 58 573 61 163 49 553 740 841 712 112 804 397 985 894 802 116 549 483 138 69 600 155 551 482 933 506 660 116 401 191 701 613 839 
18 516 546 426 334 664 794 633 149 160 174 680 127 233 269 360 514 177 203 
22 652 815 65 84 841 965 567 477 602 483 16 165 271 389 504 671 476 100 104 180 818 910 
25 680 597 16 594 271 875 329 417 449 125 247 343 590 849 295 4 235 832 127 273 679 268 682 563 574 
14 371 94 226 20 695 467 475 937 463 984 132 248 928 878 
17 910 729 748 517 443 434 902 483 961 520 314 642 245 953 549 880 295 
25 408 891 551 982 521 397 543 941 57 913 49 912 973 105 744 695 581 344 961 667 737 461 148 190 188 
6 903 520 571 901 790 35 
25 733 163 698 9 2 538 896 177 941 13 276 677 756 860 892 938 728 950 974 633 530 17 592 623 536 
12 923 155 616 296 172 72 616 825 395 829 664 836 
27 252 81 527 578 54 849 334 184 756 311 213 691 596 496 578 323 641 81 3 430 360 945 900 610 136 132 119 
23 3 954 753 498 40 229 573 139 331 136 579 265 670 644 817 645 746 935 292 504 458 258 394 
21 323 689 848 674 297 299 629 679 198 34 48 740 464 532 882 496 798 98 426 31 533 
25 228 665 126 656 121 453 632 482 981 904 24 440 124 587 859 380 178 778 52 280 903 996 646 195 134 
21 113 665 596 58 501 407 313 323 200 378 744 950 706 735 375 612 413 309 307 566 871 
25 727 449 17 644 49 153 166 773 667 825 519 88 860 718 179 932 854 799 939 770 622 775 664 185 604 
43 30 952 818 644 761 530 120 285 581 270 83 951 155 427 817 308 783 929 958 491 381 112 24 916 146 182 371 441 937 520 9 708 393 853 703 597 300 313 508 520 141 268 70 
8 870 129 303 121 947 390 59 267 
34 220 294 171 461 681 506 910 603 871 363 359 924 97 923 271 75 576 839 679 470 967 367 812 503 352 433 647 483 306 991 41 547 692 436 
