2733
41
0
3281
398581
123
363
0
39
0
0
7
581130734
6562
24603
2391485
2
15
64570083
129140162
96855123
581130735
2187
21523361
5
10761680
221433
547
5978712
59050
29524
1
5978712
9843
0
88573
546
2186
7174453
21523359
27
12
0
3587226
265719
41
797163
6561
102
2
88575
14763
73812
43046722
2391484
21523361
182
12
53808402
0
290565366
0
7174455
4920
129140162
123
363
547
123
123
29523
123
6562
4782969
871696100
547
32285040
3279
547
3281
21523359
6562
2187
19682
365
193710243
265719
265721
44286
2391485
1
61
182
3
132861
9842
265720
387420489
61
27
