32
2 100 500 2000
1 500 2000
3 100 200 500 9800
4 10 30 60 240 110
3 50 500 5000 450
5 50 150 1500 7500 75000 11400
5 20 40 400 2000 5000 8820
3 10 100 200 960
4 20 40 160 500 1660
5 30 300 1200 3600 14400 1470
1 40 18440
1 10 3250
4 30 300 600 6000 29400
2 100 300 83300
3 100 1000 4000 92000
1 10 1380
3 50 200 500 3350
2 10 40 7070
4 30 300 1500 4500 14790
5 20 100 500 1000 2000 10860
4 10 30 60 180 400
5 40 200 800 4000 8000 15200
3 100 400 4000 57000
3 40 120 480 32000
3 100 200 1000 40300
5 40 400 800 3200 6400 20800
5 20 80 160 640 6400 8440
1 50 44800
5 40 120 1200 5000 10000 33960
2 20 40 14140
4 10 50 250 500 1700
4 100 500 5000 15000 88100
