100
4 7 8 16
4 6 7 93
10 2 3 28
1 10 4 27
1 7 3 37
2 9 8 30
3 1 3 24
8 6 10 3
3 9 10 68
4 7 2 43
10 4 2 20
5 8 9 25
6 1 4 27
2 1 7 74
3 1 7 82
6 6 5 28
7 6 7 30
4 8 5 96
3 6 5 68
5 5 4 51
8 9 7 79
9 5 4 52
5 10 3 61
7 9 10 13
7 7 5 40
6 1 5 79
8 2 8 3
8 3 3 57
2 1 7 42
6 10 5 20
1 10 2 18
8 2 2 76
10 8 8 57
8 4 7 66
7 4 10 25
9 2 3 30
4 10 1 69
9 6 1 50
7 4 9 46
7 2 2 56
10 9 5 29
2 1 4 1
5 5 5 15
8 7 4 92
8 6 10 37
3 2 8 29
6 8 5 22
9 6 10 38
6 4 9 29
4 2 9 30
7 5 4 64
4 9 7 41
5 9 9 89
10 8 8 97
5 4 1 84
1 10 3 26
5 1 6 40
5 7 10 83
3 5 8 8
6 5 9 12
3 9 10 44
7 9 1 23
2 1 6 2
2 1 9 6
1 7 5 27
3 6 9 17
3 9 5 38
3 5 1 37
3 10 10 51
9 2 4 32
2 1 4 95
1 4 10 82
10 7 10 74
4 9 1 96
7 7 5 41
1 5 7 43
7 8 6 57
10 9 8 13
9 3 10 10
7 1 3 88
7 2 4 73
2 6 10 100
2 5 10 12
1 8 6 29
8 1 5 59
1 5 3 70
7 2 1 85
3 3 3 51
6 6 3 100
1 3 9 14
9 1 5 91
10 2 10 37
3 6 5 5
10 10 4 77
1 6 1 43
10 5 4 6
2 8 5 14
2 5 7 60
5 3 3 7
5 2 3 69
