103
0
1
123
34763
53375
52521
9436
55834
40653
50694
59744
25065
60965
32997
32830
27909
36467
31753
3715
46966
2849
43684
9763
62853
65319
21683
55761
36108
63062
23435
45463
6917
1853
3351
9100
30228
45956
12632
17874
33087
29543
53313
52497
61934
40074
29175
23520
52022
12133
43641
61003
53519
63581
12632
36509
40860
31888
198
4340
6859
16621
41482
3805
11413
46712
40814
22936
39365
54204
50464
9864
38548
11181
1598
57411
38539
62377
56605
62238
53372
27276
20877
17648
38026
18414
30115
9086
12365
22302
19297
18224
41894
8420
16771
56721
40135
63207
42365
29286
56450
18685
52332
10321
