103
1 2
3 4
5 6
484 28
217 555
876 703
743 74
972 53
86 955
621 731
167 38
672 157
509 653
329 208
353 938
778 592
439 41
621 186
289 15
217 276
255 786
843 537
284 813
823 2
562 165
636 164
896 995
207 184
999 81
572 171
347 59
500 374
699 875
106 724
660 726
496 919
400 96
54 520
64 611
682 937
183 619
715 244
440 697
869 39
203 830
299 773
558 153
867 115
778 324
511 984
512 937
26 132
39 841
699 361
547 184
470 378
212 880
987 706
503 444
442 940
158 852
498 869
686 172
525 271
972 931
530 516
805 685
794 836
328 585
902 711
237 235
16 545
341 353
454 705
628 316
388 965
211 330
263 972
217 998
850 117
910 238
611 447
348 136
965 806
552 623
450 226
644 424
566 909
461 223
192 261
768 396
158 890
952 474
447 890
347 606
465 792
880 86
655 973
615 597
997 249
335 300
569 754
661 315
