0
32768
56832
54241
65035
38067
15140
22619
45945
24675
1687
38790
42103
42753
31745
41142
52849
36926
49520
28397
34000
9557
50276
41391
58623
52522
35739
12465
27247
53722
59789
41176
48352
59568
12740
10350
8653
6796
19362
64641
59086
33291
34995
30607
20793
61326
2010
27859
42740
40533
53879
61579
47647
6796
47473
14841
2366
25344
12040
54104
46850
20549
47984
43316
7789
30457
6554
41881
15819
1187
4452
10601
46548
31840
49671
53609
38351
47291
30927
15883
12630
45450
3874
20777
30690
50606
32452
45580
30954
34514
3298
26053
9988
49538
35259
58169
59247
48805
26190
16699
48914
13875
35348
