100
2 3 8
1 1 5
0 0 18
1 1 9
1 2 13
3 3 5
3 3 6
0 0 13
3 3 4
0 0 16
0 0 2
1 2 3
0 2 20
2 2 9
2 3 10
1 1 15
1 2 2
3 3 3
3 3 17
2 2 18
0 3 18
3 3 19
1 3 8
1 1 17
1 1 3
0 1 17
2 3 12
0 1 8
2 3 15
2 2 11
0 2 11
1 3 1
2 3 15
3 3 9
0 0 8
1 1 12
0 3 7
2 2 8
1 1 16
3 3 16
1 3 4
2 3 3
0 0 2
0 3 15
3 3 12
1 1 5
3 3 13
1 3 9
2 3 5
0 2 2
3 3 11
0 3 10
2 3 11
2 2 17
0 2 15
1 1 17
0 1 7
2 3 3
2 3 17
0 0 19
0 3 19
0 0 12
3 3 15
0 3 9
2 2 18
3 3 5
3 3 6
0 1 8
3 3 5
3 3 5
3 3 10
3 3 5
2 2 9
1 3 15
1 2 20
1 2 7
0 3 17
3 3 8
1 2 7
1 1 9
3 3 16
2 2 9
1 3 8
2 2 10
1 1 7
3 3 18
3 3 12
1 1 13
0 3 11
1 1 15
1 1 1
0 1 6
1 2 6
3 3 2
0 3 12
0 2 10
0 2 13
1 3 19
1 2 5
1 3 4
