2733
102
161425203
8202
664302
102
303
664302
33
17936133
0
12
1452826833
8202
24603
5978712
2
12
53808402
161425203
161425203
484275612
2733
53808402
12
53808402
221433
2733
5978712
73812
73812
1
5978712
8202
2733
221433
912
2733
17936133
17936133
33
12
0
5978712
221433
102
664302
8202
102
2
73812
24603
73812
53808402
5978712
53808402
912
12
53808402
484275612
484275612
221433
5978712
8202
161425203
102
303
2733
102
102
24603
102
8202
5978712
1452826833
912
53808402
2733
912
8202
17936133
8202
2733
24603
912
161425203
221433
664302
73812
5978712
1
303
303
3
221433
24603
664302
484275612
102
33
